7 0.164410 0.573897 0.190054 0.247097
7 0.532178 0.536904 0.038507 0.092251
2 0.657503 0.591718 0.048515 0.063963
5 0.403560 0.443960 0.037023 0.060773
5 0.437818 0.440450 0.033031 0.063622
2 0.765366 0.914389 0.169139 0.164616
3 0.824843 0.741597 0.031405 0.054580
2 0.471738 0.435567 0.014145 0.016964
3 0.355654 0.523249 0.010367 0.026881
0 0.821825 0.708601 0.023081 0.046037
7 0.533067 0.429555 0.022321 0.046623
7 0.453842 0.470309 0.033230 0.053351
2 0.765428 0.914533 0.169281 0.164873
7 0.509068 0.427341 0.018204 0.049331
