7 0.158772 0.567476 0.191738 0.245826
7 0.393916 0.486347 0.043962 0.099164
2 0.504868 0.467998 0.019872 0.029502
2 0.446958 0.435573 0.016183 0.022921
3 0.692320 0.652315 0.020974 0.051425
0 0.623324 0.541455 0.012055 0.041947
0 0.691666 0.632910 0.019053 0.049343
2 0.503702 0.416068 0.012615 0.025508
7 0.468393 0.414147 0.017738 0.036031
7 0.540494 0.472056 0.022626 0.045975
3 0.573457 0.479979 0.007531 0.027724
3 0.623359 0.551402 0.011899 0.025154
5 0.398450 0.427815 0.036890 0.034324
2 0.468393 0.414147 0.017738 0.036031
