7 0.157931 0.564332 0.193670 0.246607
7 0.405261 0.470003 0.036661 0.080094
7 0.547968 0.486063 0.026210 0.054006
2 0.450585 0.424128 0.014587 0.022389
3 0.665577 0.589104 0.015046 0.045331
2 0.504345 0.485135 0.023898 0.034931
3 0.800657 0.788553 0.035896 0.071509
0 0.592009 0.499736 0.009626 0.033544
3 0.592075 0.501579 0.009087 0.030259
0 0.798380 0.761387 0.028095 0.078606
7 0.522959 0.415377 0.011982 0.030306
7 0.503747 0.416141 0.014622 0.031742
5 0.398006 0.439473 0.039017 0.063853
7 0.469816 0.404923 0.016730 0.033663
