7 0.162053 0.568302 0.191571 0.244565
7 0.377805 0.508800 0.051219 0.114597
2 0.443430 0.443297 0.017371 0.025018
2 0.505192 0.455672 0.017454 0.025121
5 0.398857 0.440830 0.039210 0.058917
3 0.641711 0.587681 0.015327 0.032973
3 0.600801 0.511117 0.009592 0.034127
7 0.467349 0.419298 0.019159 0.041328
0 0.642041 0.567308 0.013782 0.031894
2 0.504489 0.412364 0.012040 0.023660
3 0.561794 0.463573 0.006672 0.023098
0 0.641842 0.576515 0.015388 0.049690
7 0.535664 0.458298 0.019748 0.042226
2 0.511156 0.388704 0.007302 0.015043
