7 0.165668 0.573492 0.190535 0.246913
7 0.518960 0.470698 0.022725 0.056760
2 0.585539 0.505820 0.028114 0.037883
2 0.464156 0.453213 0.014763 0.021599
0 0.961353 0.936979 0.043138 0.109228
3 0.283068 0.613793 0.016688 0.039664
0 0.283028 0.592110 0.015788 0.047047
7 0.431223 0.522378 0.047022 0.083720
0 0.647617 0.553709 0.012749 0.038474
3 0.648871 0.565949 0.013936 0.026580
5 0.410906 0.470469 0.041807 0.080562
7 0.454684 0.429167 0.013573 0.029342
2 0.588346 0.598333 0.050613 0.075381
3 0.291623 0.507217 0.012619 0.036800
3 0.960791 0.952374 0.058146 0.091549
