7 0.164813 0.572759 0.189784 0.245141
7 0.526748 0.514292 0.032368 0.077117
2 0.631764 0.560983 0.041504 0.055669
5 0.402874 0.444912 0.034613 0.060440
3 0.755087 0.674019 0.024034 0.041638
2 0.682536 0.785712 0.108141 0.150756
7 0.531546 0.426011 0.021364 0.042865
0 0.752687 0.643513 0.017840 0.036464
7 0.449997 0.481425 0.036101 0.060180
7 0.508894 0.423618 0.017256 0.047332
3 0.341320 0.544348 0.011500 0.023937
2 0.682499 0.785698 0.108230 0.151484
5 0.430928 0.447915 0.029598 0.065700
2 0.470870 0.440681 0.015199 0.018419
7 0.458803 0.420335 0.012213 0.028816
