7 0.165948 0.573150 0.191890 0.245842
7 0.524143 0.502254 0.029596 0.069404
7 0.445345 0.489328 0.035970 0.064800
3 0.330947 0.548456 0.012151 0.041957
3 0.720915 0.638974 0.019606 0.036322
2 0.617504 0.544976 0.036385 0.050540
2 0.648967 0.718965 0.085756 0.124137
5 0.402862 0.444901 0.034802 0.060844
7 0.530202 0.423944 0.019324 0.041554
0 0.718996 0.613280 0.015122 0.031485
7 0.524122 0.502056 0.029452 0.069840
7 0.509164 0.420146 0.017129 0.049738
2 0.617462 0.544805 0.036339 0.050507
5 0.426011 0.452012 0.032801 0.068502
