7 0.165476 0.573758 0.190121 0.246836
2 0.589728 0.510681 0.028827 0.040859
2 0.465120 0.451799 0.013845 0.020263
7 0.519393 0.474539 0.023576 0.058117
3 0.292400 0.601678 0.015781 0.040003
3 0.657417 0.574555 0.014036 0.025318
0 0.292503 0.584681 0.016250 0.046442
7 0.431686 0.516308 0.041813 0.079162
2 0.594863 0.610999 0.054363 0.082478
0 0.656176 0.554447 0.011650 0.028267
5 0.410081 0.468739 0.033665 0.074828
7 0.527442 0.417976 0.017129 0.038063
5 0.403028 0.443948 0.036631 0.062100
3 0.287401 0.508788 0.012150 0.037749
