7 0.155928 0.562461 0.193435 0.246685
0 0.713174 0.643384 0.018860 0.058194
7 0.411910 0.457076 0.032647 0.077897
2 0.452356 0.417105 0.013127 0.021486
3 0.714179 0.664432 0.019372 0.039568
7 0.553239 0.496693 0.028809 0.064182
3 0.943197 0.941543 0.065867 0.113210
0 0.607704 0.517252 0.010773 0.038354
0 0.938590 0.921683 0.042950 0.106428
3 0.607246 0.525327 0.010534 0.023505
5 0.396519 0.436248 0.036532 0.061225
3 0.943455 0.954525 0.065708 0.087246
7 0.471402 0.400585 0.015257 0.031408
7 0.523443 0.418002 0.012998 0.028589
5 0.503682 0.417651 0.015068 0.033885
2 0.504562 0.500096 0.026573 0.043503
