7 0.165315 0.572954 0.190293 0.246318
2 0.463147 0.454267 0.015156 0.023376
7 0.518504 0.466984 0.022613 0.054698
0 0.922796 0.895742 0.040672 0.102060
2 0.581907 0.501571 0.026653 0.036636
0 0.275018 0.602609 0.016341 0.051388
3 0.274358 0.622190 0.017436 0.041884
7 0.427574 0.528557 0.046773 0.086148
3 0.924358 0.936777 0.053172 0.096889
5 0.407181 0.473261 0.045122 0.085136
3 0.641884 0.557883 0.013118 0.026465
2 0.583390 0.588426 0.048352 0.073082
0 0.641215 0.543560 0.011905 0.029775
3 0.294827 0.506054 0.012176 0.036881
7 0.453958 0.429557 0.013408 0.030801
