7 0.164535 0.574027 0.190091 0.246729
7 0.529967 0.527499 0.036134 0.088987
2 0.648226 0.581024 0.045592 0.060841
5 0.403434 0.444313 0.036007 0.060688
0 0.795539 0.693186 0.021621 0.061420
2 0.471213 0.437147 0.015631 0.016043
3 0.798802 0.716987 0.027890 0.048389
7 0.730964 0.881196 0.143024 0.195248
5 0.436027 0.442230 0.033570 0.065115
7 0.532788 0.428767 0.021940 0.045105
7 0.451522 0.473993 0.033568 0.055659
3 0.351382 0.524907 0.011153 0.036298
7 0.508949 0.426619 0.017759 0.046936
2 0.731027 0.881132 0.142903 0.194564
