7 0.161835 0.568386 0.191601 0.244586
2 0.442215 0.445376 0.018382 0.028247
2 0.505403 0.452891 0.016389 0.023611
5 0.399098 0.441447 0.038536 0.060627
7 0.372108 0.517450 0.054231 0.118025
7 0.534572 0.453171 0.019365 0.045125
3 0.630881 0.573452 0.013157 0.029171
7 0.372340 0.517031 0.054276 0.118771
0 0.631350 0.560054 0.012819 0.043150
3 0.594776 0.504975 0.009023 0.029713
7 0.466291 0.422029 0.020057 0.041191
2 0.504609 0.410850 0.011901 0.023020
3 0.559190 0.458974 0.006321 0.023397
2 0.521223 0.412372 0.008470 0.021416
