7 0.165414 0.574235 0.190286 0.246976
7 0.439750 0.506825 0.045843 0.074856
7 0.520810 0.483183 0.025446 0.061572
2 0.597695 0.521102 0.031303 0.043566
2 0.466853 0.446779 0.013813 0.022237
3 0.307509 0.585040 0.014918 0.034278
0 0.673556 0.578076 0.013311 0.043037
2 0.609154 0.639689 0.061555 0.092346
3 0.675324 0.593505 0.015051 0.028746
5 0.417868 0.461319 0.037047 0.074998
0 0.307468 0.567870 0.014257 0.039464
3 0.280293 0.511063 0.012170 0.038845
5 0.402721 0.444656 0.035410 0.059211
7 0.528558 0.420579 0.018472 0.037953
