7 0.155020 0.558593 0.192534 0.245566
7 0.569475 0.532039 0.038603 0.088844
2 0.509962 0.549627 0.036011 0.058588
7 0.422834 0.441700 0.027787 0.064111
0 0.949896 0.898301 0.037104 0.097701
3 0.951141 0.925939 0.057237 0.122329
5 0.395777 0.432499 0.034528 0.062082
2 0.456362 0.410197 0.012327 0.014003
6 0.214423 0.827298 0.311324 0.332488
3 0.661944 0.583838 0.015383 0.039992
7 0.526321 0.421410 0.015361 0.033837
0 0.662069 0.572678 0.013926 0.045539
5 0.214194 0.826871 0.311218 0.331414
5 0.504120 0.424045 0.017606 0.038414
