7 0.165315 0.574046 0.189972 0.246736
7 0.439508 0.507339 0.046373 0.075597
2 0.596761 0.519370 0.030612 0.042637
7 0.520613 0.482023 0.025189 0.060510
0 0.671364 0.576828 0.014230 0.042911
3 0.305517 0.585886 0.014393 0.035818
2 0.466633 0.447149 0.013856 0.022029
3 0.673199 0.590102 0.015270 0.028458
0 0.305883 0.569283 0.013980 0.041288
5 0.417435 0.461574 0.036914 0.076197
5 0.402935 0.444589 0.035802 0.059360
2 0.607436 0.636329 0.060598 0.089874
3 0.280867 0.510595 0.012435 0.039486
7 0.528541 0.420365 0.018352 0.037915
