7 0.165242 0.572670 0.190221 0.245095
7 0.522851 0.493531 0.027533 0.067322
2 0.609149 0.535260 0.033642 0.047018
7 0.442021 0.495322 0.036445 0.067687
3 0.700767 0.619908 0.017077 0.031123
3 0.322495 0.565810 0.012950 0.031056
5 0.423458 0.455916 0.033865 0.071467
7 0.529602 0.422155 0.019198 0.040981
0 0.699327 0.601392 0.015055 0.044965
7 0.508925 0.416936 0.016866 0.051543
2 0.631044 0.683147 0.074746 0.109711
7 0.457379 0.426115 0.012362 0.031023
5 0.397162 0.446013 0.024506 0.057189
2 0.468905 0.444881 0.012817 0.018662
