7 0.158450 0.564962 0.194383 0.245601
7 0.402767 0.473683 0.036064 0.085257
2 0.504240 0.480442 0.023292 0.034048
0 0.652353 0.575507 0.013797 0.047235
3 0.766571 0.745425 0.027455 0.062204
0 0.764380 0.718745 0.027348 0.069396
7 0.545695 0.482064 0.024999 0.051532
0 0.586964 0.492896 0.008895 0.032614
3 0.652358 0.590013 0.013672 0.026843
5 0.397565 0.439666 0.038260 0.062933
2 0.449666 0.425561 0.014022 0.024255
7 0.503908 0.415624 0.014729 0.030694
2 0.469448 0.407355 0.016437 0.033417
7 0.522635 0.415481 0.011612 0.029710
