7 0.163769 0.565548 0.188838 0.246377
2 0.450051 0.477220 0.019426 0.031276
0 0.697218 0.622134 0.017492 0.054096
2 0.548748 0.458616 0.018735 0.026136
3 0.071210 0.880799 0.043653 0.095229
5 0.403031 0.437081 0.036170 0.061159
3 0.697337 0.639230 0.019336 0.043719
2 0.543239 0.499171 0.028712 0.045830
7 0.382208 0.648936 0.111554 0.190631
0 0.071252 0.836162 0.033926 0.102806
7 0.513791 0.433990 0.016183 0.040317
5 0.357397 0.521338 0.076995 0.137651
7 0.446293 0.437364 0.016802 0.036431
3 0.587600 0.487809 0.009365 0.030100
5 0.357498 0.521724 0.076921 0.139034
