7 0.165443 0.573635 0.189893 0.246476
2 0.588723 0.509886 0.028167 0.040144
7 0.519252 0.473892 0.023486 0.057374
2 0.464994 0.452448 0.013948 0.020544
3 0.655174 0.572660 0.014388 0.025482
7 0.431149 0.517500 0.042011 0.080805
2 0.593430 0.608369 0.054042 0.080560
0 0.290895 0.584901 0.016342 0.045445
0 0.654065 0.558938 0.013039 0.039956
3 0.290589 0.602625 0.015930 0.042392
5 0.408761 0.469316 0.032917 0.075657
7 0.527354 0.417788 0.017283 0.038019
5 0.403002 0.444286 0.036572 0.063094
3 0.288339 0.508208 0.012227 0.038529
5 0.403397 0.442568 0.036908 0.059896
7 0.445683 0.487859 0.028576 0.076908
