7 0.154849 0.558573 0.192496 0.245472
7 0.423065 0.441681 0.027803 0.063445
7 0.570143 0.534616 0.038843 0.088432
2 0.510089 0.551409 0.036667 0.059605
3 0.664190 0.587497 0.015480 0.039503
0 0.962738 0.910040 0.036994 0.097751
0 0.664303 0.576392 0.014603 0.046849
5 0.215380 0.822655 0.313819 0.339423
2 0.456447 0.409831 0.012306 0.013589
5 0.395791 0.432436 0.034464 0.062066
3 0.963525 0.937226 0.058170 0.121844
7 0.526434 0.421101 0.015611 0.035027
5 0.215612 0.823217 0.313810 0.340055
5 0.504082 0.424248 0.017492 0.038585
0 0.566809 0.475280 0.008030 0.026020
