7 0.165902 0.572830 0.191900 0.245451
2 0.618703 0.546686 0.037308 0.051552
7 0.524369 0.503599 0.029567 0.069741
7 0.444958 0.488702 0.034122 0.064471
0 0.721824 0.624937 0.016908 0.049993
5 0.402602 0.445061 0.034091 0.060426
3 0.332029 0.551673 0.012337 0.032000
2 0.651833 0.725280 0.087264 0.126031
7 0.530423 0.424465 0.019757 0.040655
3 0.723984 0.642723 0.020573 0.036416
7 0.426201 0.451844 0.031273 0.068243
7 0.509112 0.422250 0.017137 0.045896
5 0.426201 0.451844 0.031273 0.068243
7 0.458431 0.423064 0.013156 0.030126
