7 0.165470 0.574322 0.189899 0.247021
2 0.601826 0.526079 0.032304 0.044417
7 0.521303 0.486454 0.026483 0.062600
7 0.441477 0.502313 0.043731 0.072623
3 0.313172 0.575794 0.013511 0.037038
0 0.682482 0.585549 0.014414 0.045422
3 0.683989 0.601313 0.016237 0.030587
2 0.616541 0.653852 0.065450 0.097393
5 0.419931 0.459688 0.036657 0.073091
0 0.313423 0.563605 0.013822 0.042407
3 0.276815 0.512782 0.013088 0.038857
2 0.468021 0.456909 0.016973 0.032227
5 0.402318 0.445285 0.034168 0.057453
7 0.528853 0.421360 0.018668 0.038865
