7 0.163999 0.572177 0.189544 0.246013
2 0.571447 0.488900 0.024764 0.033743
2 0.460443 0.458884 0.016355 0.023274
7 0.517398 0.456767 0.020843 0.051784
0 0.832629 0.786861 0.030814 0.084292
0 0.243369 0.635151 0.020247 0.057510
5 0.397541 0.479798 0.048666 0.095847
3 0.243058 0.659552 0.020686 0.048625
7 0.421919 0.547861 0.060300 0.098716
7 0.452310 0.431407 0.013965 0.031039
3 0.623068 0.530630 0.012015 0.038094
3 0.833454 0.823372 0.037427 0.070188
3 0.305522 0.503060 0.012161 0.031452
2 0.569987 0.558936 0.041512 0.064801
5 0.405177 0.422536 0.031633 0.022985
