7 0.164369 0.573831 0.189705 0.246894
7 0.532895 0.539958 0.039844 0.096617
2 0.661548 0.596132 0.050835 0.067171
5 0.403551 0.444013 0.037427 0.060569
5 0.438354 0.439859 0.031808 0.063076
0 0.833373 0.722648 0.023951 0.055924
2 0.472485 0.433739 0.012429 0.016615
2 0.777281 0.925339 0.174172 0.143069
3 0.835405 0.745724 0.033179 0.070887
7 0.533542 0.430031 0.023125 0.046859
7 0.454244 0.469371 0.032719 0.053285
7 0.509088 0.427519 0.018294 0.050207
2 0.777418 0.925612 0.173933 0.142925
3 0.357700 0.516498 0.009807 0.036347
