7 0.158486 0.564735 0.194221 0.246231
7 0.403783 0.469155 0.036384 0.088875
2 0.504292 0.481967 0.023563 0.035451
3 0.781948 0.764332 0.027482 0.066306
7 0.546679 0.483137 0.025831 0.053139
0 0.778050 0.737588 0.027517 0.076418
3 0.657921 0.594849 0.013726 0.031740
0 0.589278 0.495991 0.009408 0.032008
3 0.589309 0.500604 0.008890 0.024009
5 0.397859 0.439289 0.038617 0.062887
2 0.450224 0.426103 0.014482 0.020291
2 0.469627 0.406901 0.016482 0.032570
2 0.449871 0.423173 0.014657 0.025606
5 0.503742 0.415756 0.014540 0.030845
7 0.522587 0.415448 0.011248 0.030063
