7 0.156332 0.562569 0.193955 0.246410
0 0.706215 0.635983 0.018544 0.055080
7 0.552599 0.495265 0.028659 0.062453
3 0.707478 0.656856 0.018107 0.037218
7 0.411296 0.457923 0.032846 0.078715
2 0.452221 0.416628 0.013105 0.024437
0 0.917752 0.892732 0.039727 0.092759
3 0.921715 0.938266 0.061409 0.098885
2 0.504660 0.497412 0.026234 0.041626
5 0.396562 0.436706 0.037042 0.060793
3 0.605302 0.526293 0.010464 0.017412
7 0.523317 0.417431 0.012599 0.029198
7 0.471292 0.400452 0.015385 0.032534
5 0.503634 0.417363 0.014662 0.033351
