7 0.164774 0.574053 0.190256 0.246742
7 0.529832 0.526759 0.035508 0.086498
2 0.646319 0.578593 0.045107 0.060271
5 0.403418 0.444397 0.035732 0.060984
3 0.793708 0.708786 0.027745 0.052988
3 0.350501 0.525560 0.010997 0.037791
2 0.471153 0.437144 0.016077 0.017178
0 0.790731 0.689464 0.020814 0.062553
7 0.532568 0.428601 0.021620 0.044704
5 0.436019 0.442428 0.033663 0.065820
2 0.725406 0.869940 0.137966 0.189682
7 0.451815 0.474425 0.034159 0.055454
7 0.508933 0.426081 0.017789 0.047800
2 0.725098 0.870061 0.138500 0.189268
