7 0.163712 0.567709 0.188698 0.245809
7 0.406143 0.589610 0.080328 0.129111
2 0.455631 0.466241 0.018148 0.027743
2 0.557740 0.470816 0.020386 0.029215
0 0.744947 0.679713 0.021486 0.058236
0 0.174662 0.712364 0.027205 0.073366
3 0.171572 0.746512 0.024647 0.067806
3 0.744765 0.704624 0.025542 0.053080
7 0.515386 0.443930 0.018454 0.044242
5 0.403416 0.437012 0.035210 0.055575
2 0.554291 0.524216 0.033046 0.051123
5 0.380322 0.496524 0.058828 0.110805
3 0.600754 0.505330 0.010480 0.033882
3 0.320333 0.496612 0.010737 0.026570
