7 0.163764 0.569833 0.190418 0.245712
2 0.456774 0.463696 0.018332 0.026878
7 0.411785 0.574704 0.073931 0.123201
2 0.560743 0.475511 0.022025 0.031074
0 0.196698 0.687097 0.024701 0.069774
0 0.764930 0.705271 0.024261 0.065528
7 0.515950 0.446733 0.019299 0.047387
3 0.765658 0.732547 0.027218 0.057882
2 0.557884 0.533805 0.034963 0.054783
5 0.404399 0.437186 0.034028 0.054288
5 0.385622 0.493025 0.055657 0.106680
3 0.195217 0.716146 0.024713 0.061309
0 0.606773 0.511771 0.010111 0.034296
7 0.450373 0.433580 0.015150 0.033039
3 0.316199 0.499477 0.011451 0.027070
3 0.606880 0.519856 0.010169 0.020103
