7 0.154692 0.552444 0.191613 0.244284
7 0.623744 0.652003 0.075829 0.139289
5 0.373651 0.596033 0.102555 0.235270
2 0.541805 0.745364 0.075210 0.124762
5 0.394804 0.426864 0.037070 0.061225
7 0.432613 0.420431 0.023512 0.057845
0 0.886116 0.811040 0.029069 0.085011
2 0.511360 0.385446 0.008861 0.019363
0 0.898264 0.816424 0.028108 0.079211
2 0.475159 0.387105 0.010842 0.016107
7 0.530618 0.427084 0.017898 0.049682
3 0.610014 0.528724 0.010105 0.039616
3 0.892821 0.840745 0.044303 0.088242
2 0.461384 0.397297 0.011756 0.013244
5 0.504290 0.440470 0.021521 0.042415
