7 0.158285 0.565496 0.193890 0.245514
7 0.400525 0.475209 0.038320 0.086933
2 0.504623 0.478062 0.022210 0.032837
3 0.647754 0.567882 0.013592 0.045620
3 0.753184 0.729464 0.026524 0.057629
0 0.750681 0.703696 0.024018 0.066298
7 0.544974 0.479828 0.024602 0.051806
3 0.584831 0.491241 0.008330 0.032045
2 0.449319 0.429426 0.014555 0.018772
5 0.397928 0.438941 0.038912 0.061050
7 0.503914 0.415421 0.014102 0.030641
7 0.469361 0.407519 0.016704 0.035267
7 0.522524 0.415631 0.011609 0.028615
2 0.449449 0.421392 0.014497 0.034436
