7 0.163641 0.565188 0.188757 0.246102
2 0.449159 0.479972 0.020868 0.032442
3 0.039894 0.923104 0.049445 0.104926
2 0.541619 0.495192 0.027793 0.043504
5 0.403090 0.436751 0.036308 0.062097
0 0.689246 0.610906 0.016787 0.048926
2 0.547245 0.456876 0.018306 0.025156
5 0.353062 0.527303 0.077443 0.144904
0 0.040078 0.861528 0.041822 0.095292
7 0.375828 0.669635 0.121158 0.203531
3 0.689714 0.629605 0.017915 0.041117
7 0.513673 0.432615 0.016406 0.038738
3 0.585070 0.484441 0.008409 0.029341
7 0.445793 0.438373 0.017742 0.037432
