7 0.163500 0.566895 0.188782 0.245835
7 0.401331 0.578952 0.086591 0.186770
2 0.454019 0.468361 0.018228 0.029850
2 0.555021 0.466687 0.020317 0.029184
0 0.729812 0.661692 0.021059 0.057681
0 0.153098 0.738058 0.030297 0.078467
5 0.375016 0.503485 0.062252 0.122035
5 0.403323 0.437101 0.035620 0.058405
3 0.148459 0.773502 0.025803 0.074745
3 0.730377 0.681541 0.023390 0.054037
3 0.596868 0.500974 0.010063 0.031982
7 0.515070 0.440562 0.017977 0.044208
2 0.550841 0.516773 0.033020 0.049544
7 0.448452 0.434341 0.015303 0.036263
