7 0.165400 0.572898 0.191032 0.245373
2 0.636380 0.566492 0.042390 0.056279
7 0.527520 0.519610 0.033642 0.077853
2 0.694859 0.810714 0.116757 0.162688
5 0.403110 0.444656 0.034910 0.060434
3 0.767302 0.685629 0.025140 0.044290
7 0.450537 0.479142 0.034660 0.059256
7 0.531862 0.426824 0.021435 0.044938
0 0.764279 0.665347 0.019104 0.058875
7 0.509023 0.423584 0.017340 0.050214
5 0.431143 0.447069 0.029139 0.063502
2 0.471777 0.439335 0.014866 0.018622
7 0.527582 0.519505 0.033460 0.078537
3 0.344721 0.532552 0.011675 0.038635
2 0.694812 0.810659 0.116859 0.162778
