7 0.165505 0.573756 0.189798 0.246316
2 0.593869 0.516643 0.029504 0.041342
7 0.520146 0.479172 0.024709 0.059099
3 0.300942 0.589557 0.015596 0.041550
7 0.438081 0.510294 0.047420 0.075652
2 0.602256 0.626522 0.058350 0.085781
0 0.665565 0.569134 0.013980 0.038755
2 0.466132 0.450090 0.014356 0.021030
5 0.416003 0.463642 0.038806 0.076558
0 0.300851 0.577233 0.014716 0.051796
5 0.402693 0.444254 0.035988 0.060229
3 0.666503 0.584288 0.015632 0.027802
7 0.528185 0.419779 0.017586 0.037844
3 0.283251 0.510338 0.012529 0.037668
