7 0.164517 0.574083 0.190148 0.246629
7 0.530688 0.533011 0.037599 0.086780
2 0.651972 0.585652 0.047016 0.062987
5 0.403600 0.444134 0.036640 0.060529
0 0.805435 0.692859 0.022451 0.043453
3 0.808613 0.718347 0.030779 0.066665
3 0.352962 0.523467 0.010697 0.033741
2 0.471849 0.436965 0.014227 0.015692
5 0.435488 0.442094 0.030269 0.063082
2 0.743513 0.899109 0.151943 0.193347
7 0.532955 0.428995 0.022186 0.045990
7 0.453123 0.472230 0.033163 0.054840
7 0.508973 0.427174 0.017921 0.046860
2 0.743680 0.899274 0.151984 0.193795
