7 0.159017 0.567962 0.190588 0.245277
7 0.387786 0.495063 0.046157 0.100946
2 0.446387 0.438101 0.017367 0.022182
2 0.505186 0.464014 0.018870 0.027557
3 0.614689 0.530215 0.010661 0.037604
5 0.399099 0.437389 0.038946 0.052930
3 0.671260 0.627646 0.018141 0.042539
0 0.671195 0.610189 0.016757 0.049668
3 0.568902 0.473364 0.006869 0.027296
2 0.503909 0.415154 0.012386 0.025041
7 0.467891 0.416400 0.018293 0.037447
7 0.538907 0.467340 0.022211 0.045574
2 0.510753 0.389187 0.006810 0.015804
2 0.467891 0.416400 0.018293 0.037447
