7 0.161979 0.568287 0.191416 0.244269
2 0.444369 0.441634 0.017733 0.024332
7 0.380419 0.503393 0.051321 0.110966
2 0.505165 0.458605 0.017324 0.025786
5 0.399167 0.439758 0.038807 0.057296
3 0.650642 0.597777 0.015779 0.040338
3 0.604994 0.519004 0.009380 0.033989
0 0.650950 0.585590 0.015410 0.047940
7 0.467788 0.417762 0.018990 0.040853
2 0.504526 0.412951 0.012388 0.024953
7 0.536854 0.456417 0.021041 0.053750
0 0.564293 0.466592 0.006584 0.024564
2 0.511097 0.389020 0.007389 0.015345
3 0.564352 0.469663 0.005928 0.018486
