7 0.164041 0.571576 0.189280 0.246420
2 0.567667 0.485113 0.024018 0.032358
2 0.459022 0.459212 0.016643 0.026187
7 0.419468 0.556199 0.065496 0.105180
5 0.394802 0.483595 0.051699 0.099110
0 0.229925 0.650191 0.021970 0.059772
0 0.806962 0.757582 0.027969 0.075278
7 0.517111 0.453507 0.020562 0.050636
3 0.228146 0.675482 0.021287 0.053828
3 0.806994 0.779520 0.034634 0.084706
2 0.565546 0.550044 0.039433 0.060449
0 0.617032 0.523631 0.010538 0.037096
7 0.451461 0.432494 0.014259 0.030154
3 0.309170 0.500962 0.012211 0.030963
3 0.617171 0.529510 0.010822 0.027638
5 0.403876 0.423488 0.033593 0.026135
