7 0.159452 0.568195 0.190877 0.244494
7 0.385417 0.498604 0.046929 0.104060
2 0.445419 0.439711 0.017004 0.023388
2 0.505080 0.461420 0.018289 0.027771
5 0.399306 0.438097 0.038574 0.054141
3 0.663496 0.617585 0.015880 0.039060
0 0.663303 0.597908 0.015423 0.042205
2 0.504023 0.414822 0.012028 0.025161
7 0.467915 0.417431 0.018211 0.037322
3 0.611030 0.525693 0.010200 0.035540
0 0.567026 0.471671 0.007463 0.026429
3 0.567026 0.471671 0.007463 0.026429
7 0.538164 0.465084 0.021266 0.044859
2 0.510961 0.389248 0.006901 0.015775
