7 0.155763 0.562449 0.192892 0.246788
0 0.716350 0.645750 0.019508 0.056575
7 0.412443 0.456985 0.032236 0.076921
2 0.452396 0.417328 0.013392 0.020548
3 0.717399 0.666663 0.019609 0.042421
7 0.553335 0.498583 0.028898 0.062847
3 0.954956 0.947013 0.068152 0.102270
0 0.608779 0.518564 0.010749 0.038558
5 0.396563 0.436302 0.036580 0.061512
2 0.504562 0.500096 0.026573 0.043503
7 0.523605 0.418131 0.013181 0.028620
5 0.471530 0.400557 0.015244 0.030957
0 0.950175 0.926577 0.042806 0.092632
5 0.503734 0.417798 0.015183 0.034251
