7 0.154754 0.552966 0.191561 0.244655
7 0.616066 0.637905 0.070604 0.131720
5 0.367772 0.611550 0.111364 0.255120
2 0.536430 0.715282 0.069602 0.114841
5 0.394841 0.427175 0.036913 0.061706
3 0.857149 0.800629 0.039236 0.084247
2 0.511267 0.385467 0.008730 0.018987
7 0.432290 0.421647 0.023919 0.059323
0 0.863391 0.779975 0.023296 0.071006
2 0.461394 0.397380 0.011652 0.015284
2 0.474929 0.388482 0.010937 0.015888
0 0.852375 0.774471 0.025479 0.079881
7 0.531350 0.426523 0.020316 0.049153
5 0.504308 0.438348 0.021526 0.042109
3 0.604941 0.521570 0.010070 0.040540
