7 0.163987 0.572264 0.189487 0.246022
2 0.572129 0.489822 0.024997 0.033584
2 0.460756 0.458010 0.016025 0.023593
3 0.245960 0.655697 0.020569 0.050453
7 0.517496 0.457360 0.020792 0.052102
0 0.838423 0.797787 0.030341 0.085731
7 0.421476 0.546349 0.058382 0.097241
0 0.246459 0.630926 0.019371 0.055791
5 0.398067 0.479162 0.048882 0.094802
3 0.624420 0.531169 0.011885 0.037562
3 0.838497 0.829987 0.039056 0.073974
7 0.452424 0.431103 0.013711 0.031142
3 0.304694 0.503580 0.012756 0.030975
2 0.570963 0.560761 0.042038 0.065627
2 0.480253 0.457082 0.011297 0.020980
