7 0.156282 0.560470 0.192306 0.244446
7 0.417420 0.448654 0.029842 0.070083
7 0.560079 0.515216 0.034674 0.071192
0 0.801578 0.736920 0.025885 0.069575
3 0.803068 0.764534 0.030817 0.064814
0 0.631303 0.543241 0.012886 0.041411
3 0.631045 0.548993 0.012118 0.034385
2 0.454477 0.411250 0.012878 0.020596
2 0.454341 0.409573 0.013476 0.024507
2 0.506453 0.521412 0.031661 0.049260
5 0.503810 0.421492 0.016091 0.036518
7 0.523982 0.420608 0.012331 0.030092
5 0.472676 0.396679 0.014080 0.029165
5 0.395844 0.433753 0.036492 0.060044
