7 0.158184 0.565442 0.194232 0.245892
7 0.401267 0.474350 0.037703 0.086579
2 0.504473 0.479190 0.022463 0.032323
3 0.756726 0.733301 0.028590 0.061937
7 0.545264 0.480546 0.024733 0.051374
3 0.649020 0.572334 0.013663 0.046911
3 0.585499 0.492188 0.008646 0.031420
0 0.755034 0.692823 0.023400 0.035253
2 0.449519 0.423838 0.014425 0.029020
7 0.503911 0.415455 0.014350 0.030799
0 0.755433 0.711339 0.026593 0.073211
2 0.449369 0.429056 0.014590 0.018926
7 0.522563 0.415618 0.011655 0.028747
7 0.469399 0.407596 0.016605 0.034533
