5 0.320750 0.734753 0.178567 0.406859
7 0.156684 0.555758 0.194115 0.245540
7 0.589205 0.581440 0.052154 0.102851
7 0.428351 0.432360 0.025001 0.055902
2 0.519571 0.617268 0.049659 0.080675
5 0.395371 0.430046 0.036425 0.060951
0 0.740698 0.653445 0.022763 0.057848
3 0.740885 0.672315 0.023517 0.054968
5 0.504095 0.430039 0.019893 0.045091
3 0.583697 0.496839 0.009056 0.031381
7 0.528013 0.428415 0.015477 0.032271
2 0.459485 0.402277 0.013337 0.016426
2 0.511189 0.386024 0.008224 0.018629
2 0.459062 0.404577 0.012381 0.011627
2 0.510697 0.386963 0.008679 0.018263
