7 0.164117 0.571420 0.189379 0.246015
2 0.459091 0.459123 0.016475 0.025420
2 0.568426 0.485877 0.024627 0.033465
5 0.395155 0.482076 0.050527 0.097541
0 0.232428 0.646700 0.020545 0.059971
0 0.811785 0.762186 0.028405 0.075983
7 0.517210 0.453877 0.020756 0.051085
7 0.420240 0.554577 0.063359 0.102964
3 0.231889 0.672818 0.021899 0.051342
0 0.618460 0.524287 0.010654 0.035709
7 0.451705 0.432419 0.014375 0.030457
3 0.811415 0.796498 0.034576 0.065748
2 0.566663 0.551401 0.039801 0.061723
3 0.308533 0.501822 0.011828 0.030745
3 0.618493 0.528162 0.011003 0.032375
