7 0.163844 0.568399 0.189780 0.246463
7 0.407571 0.585522 0.079314 0.131025
2 0.455779 0.466160 0.018520 0.027761
2 0.557735 0.471971 0.021505 0.029793
0 0.178454 0.705930 0.027125 0.071072
3 0.175845 0.740352 0.025151 0.068275
7 0.515585 0.444000 0.019144 0.045830
0 0.747823 0.683410 0.022280 0.058748
5 0.402810 0.436374 0.036981 0.056030
2 0.555464 0.526284 0.031923 0.051917
3 0.748065 0.706887 0.025414 0.058250
5 0.380907 0.496526 0.058395 0.111068
3 0.601869 0.506821 0.010154 0.032438
3 0.319335 0.496544 0.011326 0.029098
7 0.449358 0.433891 0.014793 0.034228
