7 0.165061 0.572814 0.190400 0.245185
7 0.526937 0.515969 0.032900 0.076911
2 0.633357 0.562590 0.041749 0.055876
5 0.402930 0.444851 0.034748 0.060407
0 0.756501 0.648239 0.018243 0.038792
3 0.758950 0.678192 0.024090 0.041602
2 0.686083 0.793727 0.110661 0.154793
7 0.531868 0.426303 0.021714 0.043334
7 0.508909 0.423624 0.017258 0.048254
2 0.686153 0.793709 0.110740 0.154773
7 0.431085 0.447598 0.029045 0.065102
5 0.431085 0.447598 0.029045 0.065102
3 0.342356 0.543378 0.011031 0.022564
7 0.450048 0.480354 0.035288 0.060063
2 0.471073 0.440043 0.016899 0.018112
2 0.454059 0.441256 0.015790 0.021008
