7 0.165468 0.574251 0.189714 0.246807
7 0.521391 0.487729 0.026346 0.063192
2 0.602545 0.527162 0.031803 0.045128
7 0.441948 0.500992 0.043731 0.072242
3 0.314341 0.573026 0.013462 0.037509
0 0.684503 0.586930 0.014522 0.043861
0 0.314813 0.561087 0.013488 0.040932
3 0.685872 0.603329 0.016136 0.029535
2 0.618398 0.657362 0.066786 0.097593
5 0.420454 0.459211 0.035727 0.072333
3 0.275981 0.512848 0.013750 0.039397
2 0.468261 0.456691 0.016649 0.031764
7 0.457008 0.427118 0.012968 0.030227
2 0.468049 0.448069 0.014002 0.016299
7 0.529004 0.421631 0.018756 0.038782
5 0.399812 0.446275 0.029387 0.055848
