7 0.164029 0.572020 0.189290 0.246222
2 0.570818 0.488004 0.024287 0.032770
5 0.396714 0.480056 0.048657 0.096078
2 0.460025 0.458976 0.016481 0.023374
7 0.517392 0.456146 0.020799 0.051341
0 0.240888 0.638025 0.020007 0.056675
3 0.240237 0.662952 0.020556 0.048486
0 0.827109 0.782776 0.029766 0.079760
7 0.421469 0.549519 0.061283 0.100364
7 0.452208 0.431840 0.013947 0.030739
0 0.621768 0.529186 0.011565 0.036745
3 0.622375 0.538647 0.011576 0.021020
3 0.828375 0.817881 0.036078 0.065107
2 0.569228 0.556812 0.041177 0.064274
5 0.404413 0.422500 0.032791 0.023445
3 0.306291 0.502442 0.012293 0.031951
