7 0.158610 0.565029 0.194926 0.245848
7 0.402925 0.472868 0.036316 0.083607
2 0.504308 0.480809 0.023527 0.034959
0 0.654179 0.577695 0.014270 0.045700
3 0.770428 0.751813 0.029402 0.063847
7 0.545870 0.482545 0.025411 0.052084
3 0.654362 0.590405 0.013586 0.032242
0 0.768430 0.723471 0.026355 0.067701
0 0.587914 0.493981 0.009654 0.030973
5 0.397657 0.439324 0.038423 0.062464
2 0.449826 0.425767 0.014090 0.022745
2 0.469480 0.407293 0.016334 0.033099
7 0.503820 0.415670 0.014586 0.030660
7 0.522699 0.415513 0.011673 0.029719
3 0.588429 0.502003 0.009945 0.017302
