7 0.164112 0.573648 0.190147 0.246679
5 0.403745 0.443953 0.037541 0.060275
2 0.672572 0.610011 0.054192 0.070173
2 0.800815 0.957973 0.161884 0.080349
7 0.535372 0.549588 0.042287 0.100935
5 0.439386 0.438236 0.029904 0.060535
7 0.534216 0.432181 0.022547 0.047313
0 0.864659 0.755951 0.026452 0.064943
2 0.472547 0.432892 0.014031 0.017052
3 0.867950 0.784028 0.036517 0.062653
5 0.439531 0.437538 0.030266 0.060395
7 0.455474 0.466766 0.030884 0.052370
7 0.509017 0.427750 0.018765 0.053245
3 0.361926 0.511992 0.009960 0.033675
