7 0.157723 0.564102 0.193760 0.246872
7 0.406913 0.466730 0.035854 0.082080
7 0.548424 0.486901 0.027101 0.056904
3 0.819450 0.810846 0.038324 0.075501
2 0.504289 0.486858 0.024496 0.037353
0 0.671821 0.597694 0.015121 0.049883
3 0.672235 0.612038 0.015400 0.035185
5 0.397545 0.439226 0.038205 0.064228
0 0.816443 0.780747 0.030780 0.081598
2 0.450907 0.419978 0.014047 0.025941
0 0.671891 0.595682 0.015108 0.046914
3 0.594323 0.502551 0.009643 0.034321
7 0.522975 0.415476 0.012089 0.030588
5 0.503695 0.416130 0.014584 0.032544
2 0.469986 0.403892 0.017391 0.033725
0 0.816886 0.762531 0.028537 0.045094
