7 0.155654 0.562335 0.192377 0.246832
7 0.412996 0.455619 0.031487 0.076965
2 0.452801 0.417470 0.013551 0.019580
7 0.554506 0.500927 0.029721 0.061867
0 0.723756 0.653617 0.020092 0.059071
2 0.504807 0.502352 0.027163 0.042852
3 0.724499 0.674225 0.021378 0.046033
3 0.611005 0.526118 0.011519 0.029669
7 0.523852 0.418515 0.013532 0.028434
3 0.970767 0.954746 0.056383 0.086804
0 0.980352 0.935154 0.033964 0.059199
7 0.471778 0.399758 0.014871 0.030646
5 0.503813 0.418289 0.015365 0.034589
5 0.396002 0.436346 0.036004 0.061410
