7 0.163892 0.568728 0.190100 0.246175
7 0.408126 0.583862 0.078548 0.127881
2 0.558497 0.472605 0.021767 0.030578
2 0.455854 0.465920 0.018525 0.027729
0 0.181980 0.703015 0.027338 0.073291
0 0.751078 0.687975 0.022829 0.060587
7 0.515741 0.444569 0.019213 0.045832
2 0.556529 0.527303 0.031577 0.053939
5 0.403165 0.436071 0.036469 0.055743
3 0.181504 0.735343 0.028112 0.065244
3 0.751741 0.713039 0.025698 0.057222
5 0.381601 0.496128 0.057645 0.110574
3 0.318830 0.497150 0.011004 0.027710
3 0.602566 0.507667 0.010357 0.033568
7 0.449534 0.433772 0.014773 0.033984
