7 0.163649 0.567496 0.188620 0.246013
2 0.455406 0.466675 0.018478 0.028067
2 0.557104 0.470257 0.021221 0.029385
3 0.167187 0.750646 0.026038 0.069704
0 0.741572 0.675814 0.022457 0.057836
0 0.170032 0.716977 0.027137 0.074900
3 0.741850 0.699684 0.025239 0.052634
7 0.404728 0.569413 0.082305 0.175289
7 0.515321 0.443213 0.018203 0.044386
5 0.379558 0.497496 0.059341 0.111677
5 0.403525 0.437163 0.035537 0.056954
2 0.553523 0.522830 0.033154 0.050683
3 0.600196 0.504488 0.009345 0.032425
3 0.320803 0.495094 0.010668 0.028780
