7 0.161890 0.568261 0.191576 0.244072
2 0.444824 0.440997 0.017213 0.023367
2 0.505100 0.459827 0.017392 0.025402
7 0.382783 0.501822 0.048371 0.108451
5 0.399060 0.439624 0.038966 0.057138
3 0.654111 0.589470 0.015287 0.047448
0 0.606860 0.520826 0.010040 0.036197
2 0.504536 0.413124 0.012224 0.025351
7 0.467831 0.417631 0.018956 0.040620
2 0.511064 0.389175 0.007531 0.015529
3 0.653673 0.605613 0.016394 0.037124
0 0.565145 0.467433 0.006353 0.024627
3 0.565457 0.471432 0.005684 0.016580
5 0.467831 0.417631 0.018956 0.040620
