7 0.157750 0.562420 0.193442 0.244888
7 0.409292 0.462501 0.034307 0.076513
7 0.551075 0.492995 0.028196 0.059382
0 0.694690 0.623284 0.016902 0.052484
2 0.451496 0.419876 0.013868 0.020781
3 0.694874 0.636733 0.016778 0.046517
3 0.602139 0.511367 0.010503 0.036406
2 0.504350 0.493872 0.025707 0.039891
3 0.884582 0.891762 0.050883 0.091797
5 0.396647 0.437483 0.038664 0.062827
7 0.523001 0.415788 0.012079 0.030897
0 0.882634 0.846268 0.033727 0.077098
5 0.503595 0.416877 0.014754 0.033350
7 0.470722 0.401364 0.016462 0.033994
