7 0.165547 0.573683 0.190406 0.246728
2 0.590451 0.511965 0.029200 0.040108
7 0.519548 0.475365 0.023918 0.058659
3 0.294020 0.599494 0.015727 0.039083
3 0.658973 0.576088 0.014306 0.026496
2 0.465227 0.451318 0.013890 0.020170
7 0.432665 0.515105 0.041817 0.078627
0 0.294328 0.581723 0.015539 0.046705
0 0.657209 0.554940 0.012066 0.025571
2 0.596308 0.614061 0.055205 0.082987
7 0.527557 0.418248 0.017060 0.038101
5 0.410187 0.468350 0.033176 0.073420
5 0.403081 0.443866 0.036701 0.061603
3 0.286571 0.509098 0.012226 0.037733
