7 0.154848 0.558518 0.192592 0.245616
7 0.423324 0.441083 0.027449 0.062778
7 0.570449 0.537713 0.039765 0.085214
2 0.510163 0.552962 0.036861 0.059424
0 0.974507 0.923871 0.042228 0.098680
3 0.666309 0.589307 0.015866 0.042205
0 0.666393 0.579202 0.015615 0.048275
3 0.972576 0.941739 0.052765 0.112818
5 0.216301 0.818835 0.315402 0.347273
5 0.395736 0.432437 0.034389 0.062192
2 0.456448 0.409748 0.011973 0.013188
7 0.526474 0.420793 0.015627 0.036088
5 0.216328 0.818479 0.315697 0.349128
5 0.504039 0.424447 0.017469 0.038823
3 0.972679 0.947007 0.052559 0.102282
