7 0.156213 0.554246 0.195843 0.245640
5 0.357081 0.640107 0.125913 0.287084
2 0.529848 0.678844 0.062107 0.099742
5 0.394885 0.428345 0.036667 0.060778
7 0.606485 0.617769 0.063426 0.122584
0 0.817921 0.733061 0.023283 0.071345
5 0.504159 0.433927 0.020627 0.046956
2 0.460994 0.398725 0.012623 0.014968
7 0.531062 0.425426 0.020276 0.046694
7 0.431107 0.427053 0.023664 0.052819
3 0.814462 0.757265 0.032599 0.064829
2 0.511084 0.386150 0.008516 0.018887
2 0.510552 0.387023 0.008788 0.018345
3 0.597471 0.513582 0.009621 0.034944
