7 0.154417 0.552101 0.191862 0.244395
2 0.550157 0.790691 0.085586 0.143584
5 0.380208 0.579808 0.095463 0.215232
7 0.634848 0.675285 0.083202 0.150128
5 0.394693 0.426322 0.037236 0.061256
0 0.937130 0.866725 0.034513 0.103436
0 0.616950 0.534148 0.011927 0.044663
0 0.954314 0.873594 0.027732 0.082968
2 0.461584 0.396196 0.011145 0.013769
3 0.944336 0.905974 0.053233 0.090091
7 0.433593 0.419284 0.022466 0.055173
3 0.616834 0.548212 0.010946 0.019070
2 0.462040 0.396544 0.010191 0.011626
7 0.531461 0.435263 0.016796 0.035714
2 0.475672 0.386754 0.010182 0.014769
5 0.504125 0.442139 0.022399 0.043343
