7 0.154862 0.558987 0.192693 0.244861
7 0.421802 0.443882 0.027646 0.062960
7 0.567627 0.532218 0.038290 0.078309
2 0.509085 0.544060 0.034750 0.056382
0 0.914931 0.859767 0.035846 0.088369
3 0.916801 0.887372 0.050877 0.112136
0 0.655421 0.567056 0.014337 0.043551
5 0.209630 0.840279 0.305341 0.306699
2 0.456301 0.412302 0.012050 0.012889
3 0.655315 0.580610 0.014304 0.032849
7 0.525966 0.420522 0.014988 0.034538
5 0.395938 0.432648 0.034663 0.061963
5 0.504076 0.423490 0.017654 0.038202
0 0.565056 0.472412 0.007071 0.026091
