7 0.165319 0.574073 0.190044 0.246828
2 0.595944 0.518755 0.030498 0.042102
7 0.439126 0.508535 0.046772 0.075382
7 0.520551 0.481483 0.025192 0.060217
3 0.303956 0.589377 0.014651 0.034350
2 0.466411 0.447994 0.013786 0.021384
3 0.670817 0.588101 0.015318 0.027240
2 0.606036 0.633097 0.060969 0.089822
0 0.669845 0.574969 0.014101 0.040522
0 0.303758 0.570478 0.014004 0.040071
5 0.402660 0.444808 0.035128 0.059239
5 0.416940 0.461877 0.037105 0.076675
7 0.528510 0.420260 0.018184 0.037887
3 0.281602 0.510489 0.012181 0.039790
