7 0.163763 0.569232 0.190355 0.245277
7 0.410936 0.576400 0.075513 0.125334
2 0.456580 0.464219 0.018653 0.026660
0 0.193323 0.688056 0.025637 0.068304
2 0.560376 0.475053 0.021730 0.030519
0 0.761385 0.700453 0.023498 0.064561
5 0.404266 0.436511 0.034311 0.054251
7 0.515756 0.446628 0.019316 0.046507
3 0.761028 0.727254 0.027680 0.057770
3 0.191823 0.719897 0.025219 0.062830
2 0.557563 0.531992 0.034479 0.054282
5 0.384701 0.493677 0.055563 0.107527
3 0.316894 0.499600 0.011358 0.025474
3 0.605739 0.519055 0.010628 0.020097
