7 0.165164 0.572988 0.190614 0.245410
2 0.637796 0.567982 0.043034 0.058200
7 0.527942 0.520858 0.033719 0.079288
5 0.403071 0.444610 0.034695 0.060405
0 0.768210 0.664661 0.019515 0.050120
3 0.771216 0.691489 0.024677 0.039236
5 0.431474 0.446420 0.029586 0.062738
7 0.531977 0.427046 0.021476 0.045108
7 0.699252 0.820181 0.120034 0.165828
7 0.450794 0.478158 0.035180 0.058858
2 0.471956 0.439430 0.014768 0.018915
2 0.699388 0.820097 0.119533 0.165711
7 0.509073 0.423911 0.017439 0.050606
3 0.345556 0.529382 0.011200 0.041948
