7 0.157769 0.563453 0.194257 0.245720
7 0.408401 0.463836 0.034434 0.081035
3 0.681618 0.624086 0.016204 0.036767
7 0.549878 0.489858 0.027888 0.057142
0 0.681163 0.606080 0.015933 0.048240
3 0.845865 0.845593 0.043700 0.078493
2 0.504276 0.490337 0.024827 0.038352
2 0.451164 0.419202 0.013489 0.025642
5 0.397163 0.438417 0.038183 0.064247
0 0.843266 0.799738 0.031970 0.063208
7 0.523077 0.415629 0.012264 0.031121
5 0.503528 0.416841 0.014480 0.032470
3 0.597522 0.505681 0.009736 0.035139
7 0.470640 0.402769 0.016400 0.033301
