7 0.159304 0.568028 0.190558 0.244970
7 0.386655 0.496589 0.046153 0.102714
2 0.445705 0.438854 0.016547 0.022552
2 0.505342 0.463312 0.018916 0.027577
3 0.667484 0.621613 0.016664 0.042711
5 0.399296 0.437661 0.038781 0.053414
3 0.612873 0.527991 0.010182 0.036262
0 0.666992 0.603537 0.016144 0.046930
2 0.503965 0.414957 0.012258 0.025071
3 0.567895 0.472228 0.007331 0.026767
7 0.467939 0.417091 0.018376 0.036962
7 0.538592 0.465799 0.021635 0.046453
2 0.510868 0.389212 0.006872 0.015770
2 0.467939 0.417091 0.018376 0.036962
2 0.521855 0.414647 0.009531 0.023437
