7 0.164168 0.571305 0.189507 0.246204
2 0.566705 0.484108 0.024443 0.030820
2 0.458926 0.459656 0.016827 0.027602
2 0.564362 0.548460 0.039203 0.059540
5 0.393590 0.485045 0.052774 0.099231
0 0.226529 0.652149 0.021728 0.058401
0 0.801778 0.749625 0.027951 0.069943
3 0.225445 0.679042 0.021650 0.055089
7 0.418755 0.558056 0.066746 0.106095
7 0.516944 0.453130 0.020549 0.050003
3 0.615803 0.530630 0.011913 0.023327
3 0.802843 0.779943 0.031360 0.071333
7 0.451270 0.432611 0.014334 0.030272
0 0.615959 0.521396 0.010737 0.034261
3 0.310153 0.501392 0.012064 0.029343
