7 0.163616 0.565323 0.188810 0.246200
2 0.449310 0.478959 0.020387 0.031551
7 0.377234 0.636460 0.118587 0.255077
3 0.048426 0.912207 0.049361 0.100526
0 0.049102 0.860772 0.039266 0.112762
0 0.691211 0.614123 0.017265 0.050742
5 0.403240 0.436876 0.035995 0.061879
2 0.547664 0.457069 0.018193 0.025086
3 0.691656 0.631751 0.019066 0.042436
2 0.542107 0.496355 0.027972 0.044142
5 0.354411 0.526611 0.076584 0.145060
7 0.513648 0.432906 0.016413 0.039332
7 0.445853 0.438178 0.017679 0.037547
3 0.585585 0.485449 0.008474 0.030047
