7 0.165307 0.573688 0.189542 0.246208
2 0.593121 0.515849 0.028982 0.040837
7 0.520046 0.478429 0.024385 0.059271
2 0.601051 0.623631 0.057730 0.085836
7 0.437140 0.511519 0.046536 0.077042
2 0.465869 0.450158 0.014225 0.020861
3 0.299287 0.590967 0.015542 0.042104
3 0.664581 0.582175 0.014136 0.026786
0 0.663691 0.562217 0.012232 0.027822
5 0.415323 0.464440 0.038603 0.076652
5 0.402744 0.444329 0.036105 0.060723
7 0.528059 0.419425 0.017415 0.037855
0 0.299202 0.583095 0.015494 0.055767
3 0.284081 0.510028 0.012453 0.037684
