7 0.158460 0.565609 0.194173 0.245329
7 0.399720 0.475870 0.039342 0.087461
2 0.504494 0.477608 0.022251 0.032704
2 0.449231 0.430008 0.014777 0.018547
0 0.747412 0.700152 0.025242 0.067309
0 0.645917 0.566756 0.013448 0.044895
3 0.748512 0.722005 0.026743 0.063254
7 0.544741 0.479573 0.024631 0.051068
3 0.584189 0.491172 0.007876 0.031776
3 0.645589 0.576425 0.013449 0.034152
7 0.503913 0.415575 0.013774 0.030275
5 0.397978 0.438726 0.039175 0.060196
7 0.469343 0.407750 0.016608 0.035353
2 0.503913 0.415575 0.013774 0.030275
