7 0.165191 0.572978 0.190169 0.245994
7 0.518364 0.464847 0.022131 0.055822
2 0.580113 0.499205 0.026476 0.037783
2 0.462798 0.454639 0.015701 0.023715
0 0.906182 0.876858 0.037545 0.099241
0 0.270727 0.606489 0.017294 0.050478
2 0.580861 0.583331 0.047728 0.071620
3 0.270184 0.627805 0.017985 0.044879
3 0.907105 0.914999 0.049356 0.092746
7 0.425994 0.531317 0.047013 0.087042
5 0.405493 0.474284 0.045667 0.086206
3 0.638913 0.554187 0.012665 0.027539
0 0.638276 0.542851 0.011565 0.035805
7 0.453851 0.429623 0.013578 0.030906
3 0.296399 0.505498 0.012307 0.035326
