7 0.163910 0.572991 0.191834 0.246074
7 0.518104 0.463194 0.021518 0.053899
0 0.883404 0.848168 0.035829 0.096434
2 0.577939 0.495562 0.026720 0.037207
2 0.462404 0.456596 0.015719 0.022200
3 0.263470 0.634685 0.018797 0.044823
7 0.428193 0.534797 0.056221 0.091563
0 0.263597 0.613409 0.017268 0.051421
2 0.577764 0.575955 0.045313 0.070147
3 0.884531 0.891743 0.045705 0.077113
0 0.634119 0.541100 0.011961 0.038683
3 0.634341 0.550341 0.011408 0.025131
3 0.298917 0.504416 0.012073 0.034029
7 0.453275 0.430243 0.014039 0.030302
5 0.403770 0.475977 0.046131 0.088813
7 0.435179 0.474682 0.020795 0.034459
