7 0.164135 0.573757 0.190203 0.246793
5 0.403713 0.443943 0.037372 0.060325
7 0.534850 0.547356 0.041941 0.100932
2 0.670439 0.607160 0.052738 0.068942
2 0.797510 0.950858 0.168831 0.094580
5 0.439028 0.438429 0.030723 0.060770
2 0.472586 0.432825 0.013449 0.016878
7 0.534146 0.432041 0.022828 0.046658
3 0.860974 0.770431 0.036117 0.076658
0 0.858212 0.739591 0.024308 0.046460
7 0.455367 0.467081 0.031319 0.052515
7 0.509017 0.428688 0.018719 0.050545
3 0.361147 0.512881 0.009976 0.033644
5 0.439232 0.437678 0.031287 0.061146
