7 0.154596 0.552796 0.191403 0.244602
7 0.619789 0.644469 0.073620 0.136721
5 0.370530 0.603737 0.106933 0.246148
2 0.539090 0.729696 0.071766 0.119687
5 0.394837 0.426911 0.036942 0.061611
3 0.874360 0.822695 0.041286 0.082199
7 0.432508 0.420804 0.023948 0.058677
2 0.511299 0.385550 0.008752 0.019066
0 0.881056 0.799151 0.023999 0.081447
0 0.868730 0.793497 0.026516 0.085616
2 0.475184 0.388066 0.011057 0.015532
2 0.461306 0.396108 0.011889 0.016727
7 0.530563 0.426465 0.018257 0.049466
5 0.504260 0.439124 0.021557 0.043183
3 0.607431 0.524233 0.010220 0.042405
