7 0.154657 0.552552 0.191813 0.244617
5 0.374850 0.591998 0.101042 0.229606
7 0.625925 0.656565 0.076683 0.142802
2 0.543442 0.753571 0.077064 0.128081
5 0.394765 0.426797 0.037127 0.061082
7 0.432820 0.420474 0.023086 0.057657
3 0.611275 0.529690 0.011813 0.041035
0 0.895883 0.821141 0.028663 0.087343
2 0.511356 0.385366 0.008821 0.019447
3 0.901813 0.851287 0.046061 0.091633
0 0.908696 0.827739 0.026893 0.074292
7 0.531040 0.427214 0.018579 0.050142
2 0.475150 0.386940 0.010727 0.016294
2 0.461507 0.397596 0.011883 0.011998
5 0.504125 0.442139 0.022399 0.043343
