7 0.156532 0.555560 0.193834 0.245122
5 0.317126 0.743605 0.183072 0.418124
7 0.588503 0.579028 0.051138 0.101308
7 0.428280 0.432759 0.024796 0.056164
5 0.395380 0.430091 0.036571 0.061038
2 0.519140 0.613931 0.049249 0.080019
0 0.739785 0.649102 0.016667 0.055069
3 0.737024 0.669475 0.022613 0.051177
5 0.504041 0.429865 0.019906 0.044767
7 0.527837 0.428330 0.015299 0.032175
2 0.458823 0.404814 0.012088 0.011606
3 0.582868 0.496002 0.009520 0.031547
2 0.511176 0.385915 0.008104 0.018365
2 0.510686 0.386905 0.008593 0.018051
