7 0.165453 0.572711 0.190659 0.245222
7 0.522448 0.491822 0.027113 0.065652
2 0.607469 0.532806 0.034350 0.045601
7 0.442524 0.497104 0.039740 0.068608
3 0.319757 0.569600 0.013271 0.031151
3 0.695720 0.614609 0.017060 0.030869
0 0.319834 0.553434 0.012186 0.039397
2 0.626719 0.674475 0.071956 0.103742
0 0.694383 0.600022 0.015089 0.048836
5 0.422229 0.458022 0.034234 0.070539
7 0.529490 0.421986 0.019138 0.040311
7 0.508900 0.416600 0.016916 0.051178
7 0.457015 0.426114 0.012703 0.030658
2 0.468879 0.446255 0.013012 0.017617
5 0.403264 0.444406 0.036011 0.061044
