7 0.163467 0.566923 0.189274 0.246126
2 0.453165 0.469555 0.019992 0.032050
2 0.553447 0.465137 0.019909 0.027504
5 0.372593 0.506823 0.063966 0.120698
0 0.722045 0.651632 0.020007 0.056963
5 0.403500 0.437033 0.035202 0.058631
0 0.138404 0.754256 0.032554 0.083034
3 0.134054 0.792967 0.027525 0.078094
3 0.722275 0.673098 0.022448 0.049429
7 0.514756 0.439438 0.017796 0.042300
2 0.549220 0.512634 0.031859 0.049685
3 0.594470 0.501617 0.009213 0.025143
7 0.398459 0.612520 0.089524 0.147561
7 0.447970 0.434400 0.016015 0.036331
