7 0.163693 0.565156 0.188838 0.246565
2 0.448129 0.482147 0.021578 0.032165
2 0.540440 0.493366 0.027290 0.040849
2 0.546556 0.454182 0.018346 0.025393
0 0.683842 0.603601 0.016317 0.048139
5 0.403229 0.436361 0.036489 0.062135
5 0.348328 0.534125 0.082856 0.151464
3 0.684484 0.622205 0.017247 0.036980
7 0.370096 0.680448 0.129614 0.227156
3 0.020519 0.948861 0.041017 0.090309
7 0.513570 0.431027 0.016140 0.038452
0 0.014227 0.905075 0.028296 0.117904
3 0.583192 0.482513 0.008415 0.028669
7 0.445239 0.438915 0.017423 0.037448
