7 0.163945 0.571032 0.190179 0.247153
2 0.457701 0.462391 0.017624 0.025905
2 0.563122 0.479766 0.023493 0.031331
3 0.210386 0.698006 0.024479 0.057705
2 0.560871 0.539663 0.036801 0.057277
0 0.780183 0.722945 0.025877 0.065767
0 0.211049 0.669723 0.023240 0.065002
7 0.516277 0.448962 0.019814 0.048934
7 0.450589 0.433507 0.015291 0.032450
3 0.781320 0.759065 0.027146 0.049577
5 0.403864 0.436703 0.034856 0.052732
3 0.610755 0.525110 0.010702 0.021116
7 0.414432 0.566073 0.071435 0.116371
3 0.313421 0.500298 0.012283 0.026235
5 0.389072 0.490000 0.053110 0.102593
7 0.425155 0.493432 0.024876 0.047306
