7 0.157736 0.563810 0.193687 0.246468
7 0.407192 0.466048 0.036109 0.082359
3 0.825237 0.820349 0.040134 0.074752
2 0.504186 0.486917 0.024604 0.039758
0 0.821550 0.787267 0.031399 0.084274
0 0.674391 0.599867 0.015225 0.051042
5 0.397516 0.439145 0.038043 0.064720
7 0.548922 0.487922 0.027488 0.056802
2 0.451006 0.417696 0.014193 0.029561
3 0.674517 0.614257 0.015377 0.037601
7 0.522961 0.415585 0.012073 0.030620
5 0.503663 0.416080 0.014592 0.032605
3 0.595211 0.503498 0.009995 0.035059
7 0.470172 0.403590 0.017474 0.033937
7 0.548760 0.487648 0.027568 0.057367
