7 0.155439 0.554315 0.197676 0.246205
5 0.364512 0.619787 0.115105 0.262644
7 0.612485 0.630543 0.067898 0.127911
2 0.534151 0.702669 0.066720 0.111086
5 0.394806 0.427846 0.036515 0.061013
2 0.461303 0.398521 0.012233 0.014480
3 0.842162 0.785829 0.036810 0.074499
7 0.431690 0.425997 0.022913 0.051497
0 0.843365 0.762531 0.031095 0.082780
7 0.531940 0.426066 0.021909 0.047474
5 0.504023 0.436213 0.020787 0.045284
7 0.531524 0.432213 0.019949 0.035442
2 0.511090 0.386102 0.008608 0.018879
2 0.510538 0.386907 0.008887 0.018217
3 0.602451 0.518907 0.009920 0.038674
