7 0.154551 0.552829 0.191531 0.244658
7 0.617840 0.641590 0.071633 0.132636
5 0.369062 0.608155 0.108659 0.247653
2 0.537638 0.722689 0.070934 0.117433
5 0.394846 0.427076 0.036899 0.061462
3 0.865830 0.812205 0.039891 0.080562
7 0.432400 0.421440 0.024045 0.058495
2 0.511290 0.385492 0.008727 0.018893
2 0.475110 0.388409 0.011067 0.015455
2 0.461362 0.396945 0.011666 0.015666
0 0.860784 0.784448 0.025659 0.085280
0 0.873062 0.790121 0.022297 0.074034
7 0.530878 0.426281 0.019227 0.049758
5 0.504244 0.438656 0.021530 0.042810
3 0.606186 0.522902 0.010145 0.041472
