7 0.162086 0.568336 0.191737 0.244590
7 0.378524 0.507687 0.051231 0.112332
2 0.443645 0.442075 0.017400 0.025533
2 0.505101 0.456924 0.017247 0.024863
3 0.644749 0.591314 0.015497 0.035099
5 0.398894 0.440288 0.039096 0.058122
3 0.602083 0.513833 0.009305 0.034171
7 0.467610 0.418098 0.019034 0.042115
0 0.645062 0.578438 0.014989 0.047597
2 0.504360 0.412707 0.012149 0.024159
7 0.536371 0.456277 0.020709 0.048999
3 0.645272 0.566340 0.012820 0.023630
0 0.562696 0.463763 0.006751 0.024561
2 0.511132 0.388693 0.007251 0.015031
