7 0.156231 0.554979 0.195238 0.245350
5 0.346855 0.667924 0.140917 0.323038
7 0.600174 0.603782 0.058609 0.115149
5 0.395254 0.428938 0.036259 0.060895
2 0.525920 0.653582 0.057625 0.091620
2 0.460078 0.401751 0.012241 0.012347
0 0.789266 0.701034 0.018432 0.067192
7 0.429968 0.429062 0.024232 0.053534
0 0.785550 0.702444 0.026259 0.070624
3 0.784170 0.722936 0.028079 0.059277
5 0.504009 0.432288 0.020434 0.046479
3 0.592324 0.507109 0.010325 0.036077
7 0.529250 0.425961 0.016536 0.043184
2 0.474781 0.389959 0.011953 0.017056
