7 0.165386 0.574276 0.189920 0.246780
7 0.521713 0.488851 0.026447 0.063920
7 0.441610 0.500106 0.041339 0.072631
2 0.603750 0.528376 0.032370 0.044861
3 0.315811 0.572813 0.013311 0.034747
2 0.620670 0.661103 0.067915 0.099502
3 0.688088 0.605790 0.016509 0.030466
2 0.468048 0.447454 0.013997 0.017012
0 0.686821 0.582797 0.013840 0.030876
5 0.420909 0.458982 0.034848 0.071572
0 0.316147 0.560289 0.013013 0.039915
7 0.457137 0.427166 0.012925 0.030634
7 0.529172 0.421897 0.018975 0.038813
3 0.275433 0.513955 0.013003 0.039094
5 0.397273 0.447376 0.023992 0.053969
