7 0.158574 0.564934 0.194813 0.246083
7 0.403351 0.471071 0.036566 0.085977
2 0.504599 0.481468 0.023876 0.035239
0 0.655727 0.579019 0.014295 0.045837
3 0.774988 0.757953 0.031331 0.065270
7 0.546502 0.482904 0.025457 0.052453
3 0.656088 0.594642 0.013546 0.028385
0 0.588482 0.495312 0.009614 0.031725
3 0.588566 0.502329 0.008245 0.018848
0 0.773764 0.721227 0.025808 0.052687
5 0.397746 0.439199 0.038759 0.062205
2 0.469555 0.407099 0.016372 0.032886
2 0.450203 0.426475 0.014220 0.020868
7 0.503824 0.415669 0.014680 0.030901
2 0.449836 0.423189 0.014204 0.026525
7 0.522688 0.415483 0.011544 0.029855
0 0.773461 0.730483 0.027440 0.070224
