7 0.164157 0.573136 0.190566 0.246804
2 0.576046 0.494561 0.026037 0.034779
7 0.518068 0.461296 0.021523 0.054513
3 0.258825 0.640258 0.019311 0.047640
2 0.461590 0.456755 0.015557 0.024398
0 0.869390 0.829330 0.034429 0.086578
7 0.425861 0.538093 0.055070 0.092516
3 0.870125 0.873328 0.043229 0.074079
0 0.259090 0.617708 0.017790 0.053899
0 0.630717 0.538901 0.012190 0.039645
3 0.631242 0.548235 0.011343 0.023235
5 0.402195 0.477193 0.047300 0.090401
7 0.453003 0.430501 0.013926 0.030807
7 0.525960 0.413421 0.017295 0.036389
2 0.575518 0.572079 0.044336 0.067390
3 0.300689 0.504322 0.011491 0.033767
