7 0.155617 0.562316 0.192690 0.246794
0 0.720151 0.649614 0.019274 0.055453
7 0.412651 0.455865 0.032192 0.077546
2 0.452588 0.417682 0.013593 0.019736
7 0.554121 0.499964 0.029420 0.061677
3 0.721208 0.671520 0.020036 0.042482
2 0.504681 0.500860 0.026889 0.043470
3 0.965173 0.945582 0.067570 0.105133
5 0.396375 0.436294 0.036313 0.061364
3 0.609592 0.527742 0.010907 0.024432
7 0.523770 0.418197 0.013446 0.028722
7 0.503773 0.418049 0.015272 0.034430
7 0.471641 0.400187 0.015057 0.030929
5 0.503773 0.418049 0.015272 0.034430
