7 0.157785 0.564375 0.193514 0.246868
7 0.405569 0.468854 0.037016 0.079919
3 0.806612 0.797016 0.037010 0.071637
2 0.504366 0.485917 0.024071 0.034978
7 0.547963 0.486432 0.026456 0.054678
2 0.450624 0.423484 0.014298 0.021650
0 0.667924 0.589824 0.014415 0.044893
0 0.803894 0.766088 0.029590 0.077708
3 0.592751 0.501826 0.009610 0.031621
3 0.667840 0.608793 0.014219 0.031121
5 0.397738 0.439036 0.038677 0.062646
7 0.522972 0.415459 0.012067 0.030344
7 0.503731 0.416323 0.014587 0.031861
2 0.469839 0.404607 0.016912 0.033808
