7 0.164873 0.573049 0.191833 0.245515
7 0.528686 0.524528 0.035349 0.084124
2 0.643680 0.573796 0.045694 0.060927
5 0.403039 0.444671 0.035006 0.060285
3 0.348473 0.526483 0.011117 0.040112
3 0.784635 0.702481 0.027006 0.045008
0 0.781594 0.671893 0.020758 0.044346
7 0.451464 0.476429 0.033161 0.057739
2 0.713965 0.847993 0.130381 0.177686
5 0.432513 0.444178 0.030211 0.063896
7 0.532177 0.427900 0.021509 0.044915
2 0.472178 0.438607 0.014738 0.017966
2 0.714024 0.847956 0.130265 0.178074
7 0.509130 0.426419 0.017360 0.047298
