7 0.165635 0.572987 0.191029 0.245577
2 0.616138 0.543803 0.035969 0.049440
7 0.524037 0.500511 0.029533 0.070625
2 0.646261 0.712871 0.084135 0.121448
3 0.329536 0.549278 0.012541 0.043019
7 0.445309 0.490025 0.036664 0.065388
3 0.717631 0.635134 0.020034 0.038557
7 0.530182 0.423878 0.019472 0.041205
5 0.402776 0.444890 0.034901 0.060729
0 0.715848 0.610860 0.015264 0.033870
7 0.509192 0.419701 0.017121 0.050004
5 0.425855 0.452553 0.033787 0.068798
2 0.646219 0.712918 0.084089 0.121642
7 0.458336 0.423170 0.013061 0.030621
