7 0.156023 0.554087 0.196256 0.245660
5 0.362669 0.624444 0.118034 0.269678
7 0.611198 0.627267 0.066859 0.127355
2 0.532902 0.696191 0.065387 0.107973
5 0.394842 0.427958 0.036617 0.060914
2 0.461396 0.398299 0.012586 0.014927
3 0.834323 0.773171 0.036330 0.082491
0 0.839517 0.757608 0.022645 0.079524
7 0.431455 0.426101 0.023177 0.051923
7 0.531880 0.426150 0.021905 0.046848
5 0.504021 0.435530 0.020699 0.045793
0 0.830833 0.753526 0.021138 0.078691
2 0.510578 0.386921 0.008842 0.018233
7 0.475041 0.383024 0.012355 0.027484
3 0.601206 0.517576 0.009845 0.037742
