7 0.156489 0.555930 0.193703 0.245684
5 0.313536 0.753246 0.188073 0.429704
7 0.587238 0.577422 0.051357 0.100435
2 0.518900 0.609974 0.049097 0.078765
7 0.428167 0.433223 0.024598 0.055988
3 0.732254 0.662102 0.022519 0.055383
0 0.732485 0.646300 0.021380 0.056196
5 0.395397 0.430110 0.036630 0.061211
7 0.527744 0.428334 0.015270 0.032000
2 0.458969 0.404791 0.012364 0.011907
5 0.503986 0.429739 0.019900 0.044191
2 0.511149 0.385815 0.008037 0.018092
3 0.582091 0.494840 0.009445 0.031179
2 0.510696 0.386823 0.008520 0.017934
