7 0.164132 0.573349 0.190568 0.246419
2 0.677434 0.615645 0.055810 0.072253
5 0.403429 0.443683 0.036770 0.060650
7 0.536482 0.553558 0.043523 0.104082
5 0.440138 0.437462 0.030181 0.060591
7 0.534482 0.432862 0.022535 0.047981
0 0.878430 0.767291 0.027121 0.065961
2 0.807351 0.972694 0.148035 0.050909
3 0.881877 0.795876 0.038330 0.069380
7 0.455876 0.465682 0.031048 0.051630
5 0.440067 0.436913 0.030827 0.061257
7 0.509073 0.425333 0.018995 0.060285
2 0.473495 0.433094 0.013453 0.017099
3 0.363483 0.510215 0.009929 0.033738
