7 0.163959 0.572861 0.189964 0.246608
7 0.517924 0.460343 0.021218 0.054263
2 0.575315 0.493825 0.026232 0.033695
2 0.461291 0.456798 0.015557 0.024366
0 0.256862 0.620373 0.018756 0.053800
3 0.255927 0.642603 0.019195 0.048884
0 0.863034 0.823418 0.032793 0.090170
7 0.424643 0.539970 0.055777 0.093255
3 0.863269 0.862513 0.042671 0.076997
0 0.629330 0.536830 0.011709 0.038289
3 0.630080 0.547057 0.011273 0.022898
5 0.401470 0.477130 0.047984 0.090545
7 0.452931 0.430604 0.013632 0.030524
2 0.574531 0.570094 0.043608 0.067308
3 0.301529 0.503945 0.012379 0.032687
