7 0.156510 0.562711 0.194335 0.246222
7 0.551895 0.494436 0.028428 0.060423
0 0.700723 0.628825 0.017765 0.053229
7 0.410534 0.460552 0.033454 0.077113
3 0.902560 0.912820 0.055835 0.098217
2 0.452056 0.416638 0.013304 0.027003
3 0.603670 0.513270 0.009912 0.036359
2 0.504533 0.495466 0.025887 0.041486
5 0.396748 0.436923 0.037493 0.061049
0 0.899164 0.869748 0.037159 0.089092
3 0.700761 0.647871 0.016880 0.038681
7 0.523333 0.417136 0.012649 0.029498
7 0.471085 0.400961 0.015863 0.033318
5 0.503609 0.417182 0.014561 0.033359
