7 0.165133 0.572932 0.190556 0.245900
2 0.579484 0.497744 0.026434 0.037632
2 0.462585 0.454705 0.015862 0.023850
7 0.429176 0.531973 0.055136 0.088934
7 0.518261 0.464199 0.021722 0.055353
0 0.898412 0.868196 0.037521 0.098326
3 0.899657 0.908240 0.048893 0.085213
3 0.267710 0.629605 0.018168 0.045921
0 0.268446 0.608265 0.017381 0.050328
2 0.579850 0.580575 0.046677 0.070313
5 0.404746 0.475122 0.046176 0.087552
3 0.297511 0.504957 0.012295 0.035816
0 0.636806 0.541515 0.011634 0.038652
7 0.453683 0.429687 0.013689 0.031036
3 0.637071 0.550213 0.012377 0.028733
