7 0.159832 0.568009 0.191470 0.244070
7 0.382272 0.501117 0.050407 0.108345
2 0.505131 0.460513 0.017928 0.025767
2 0.444849 0.439932 0.017291 0.024847
5 0.399416 0.438590 0.038472 0.055333
0 0.656010 0.590839 0.015929 0.048584
3 0.607579 0.521648 0.010215 0.036394
2 0.504244 0.413450 0.011998 0.025116
3 0.656182 0.607426 0.016253 0.036757
7 0.467749 0.417531 0.019162 0.040046
0 0.565425 0.468231 0.006772 0.025343
2 0.521834 0.413820 0.009386 0.023766
3 0.565707 0.472294 0.005999 0.017285
2 0.511136 0.389661 0.006829 0.016069
