7 0.156486 0.562567 0.194256 0.246205
7 0.552277 0.494603 0.028387 0.061553
0 0.703245 0.632441 0.018301 0.054124
7 0.410855 0.459715 0.033258 0.077017
3 0.704313 0.653128 0.017825 0.036540
0 0.604784 0.513988 0.010153 0.036703
3 0.911937 0.915977 0.058372 0.118196
2 0.504786 0.496517 0.025650 0.040621
2 0.452145 0.416320 0.013187 0.026668
0 0.909214 0.876453 0.037243 0.080762
5 0.396631 0.436999 0.037205 0.061387
3 0.911935 0.912883 0.057989 0.122485
3 0.604630 0.526439 0.009955 0.014734
7 0.523339 0.417358 0.012663 0.029364
7 0.471258 0.400649 0.015609 0.033033
5 0.503595 0.417289 0.014591 0.033346
