7 0.159048 0.568073 0.190563 0.245096
7 0.387232 0.495614 0.045953 0.102767
2 0.445947 0.438532 0.016875 0.022190
2 0.505248 0.463793 0.018768 0.027525
5 0.399285 0.437361 0.038642 0.053014
3 0.669390 0.623496 0.016919 0.043202
3 0.613814 0.529852 0.010126 0.037606
0 0.669045 0.606695 0.016330 0.046782
3 0.568375 0.473368 0.007273 0.026519
2 0.503946 0.414984 0.012314 0.024974
7 0.467915 0.416731 0.018339 0.037216
7 0.538745 0.466474 0.022078 0.046333
2 0.510815 0.389220 0.006834 0.015843
2 0.467915 0.416731 0.018339 0.037216
