7 0.156211 0.562495 0.193725 0.246485
0 0.709540 0.639574 0.018477 0.057147
7 0.411542 0.457598 0.032874 0.078397
7 0.553117 0.495488 0.028732 0.064494
2 0.452316 0.416879 0.013051 0.023080
3 0.710848 0.661113 0.018610 0.040110
5 0.396389 0.436616 0.036819 0.060820
3 0.606371 0.525107 0.010573 0.022919
2 0.504466 0.498350 0.026462 0.042301
3 0.932705 0.935231 0.062777 0.125835
0 0.929495 0.886788 0.038569 0.058275
7 0.471338 0.400307 0.015183 0.032375
7 0.523279 0.417830 0.012762 0.028669
5 0.503604 0.417463 0.014711 0.033413
