7 0.165458 0.573553 0.189832 0.246512
7 0.519261 0.472777 0.023244 0.058243
2 0.587849 0.509427 0.028235 0.038994
2 0.464867 0.453095 0.014013 0.020952
3 0.653543 0.570826 0.013433 0.025259
2 0.592159 0.605550 0.052843 0.078427
0 0.289080 0.586305 0.015705 0.045577
3 0.288714 0.604264 0.016177 0.042830
5 0.412138 0.468394 0.039747 0.078340
0 0.652628 0.555054 0.012897 0.034969
7 0.431273 0.518454 0.042990 0.081637
7 0.455177 0.428887 0.013360 0.029542
5 0.402946 0.443674 0.036853 0.062786
5 0.403174 0.440560 0.037131 0.056289
3 0.289061 0.508168 0.011999 0.037782
