7 0.263860 0.652068 0.133741 0.248862
7 0.163249 0.567789 0.191237 0.246226
7 0.565495 0.704002 0.106216 0.219318
7 0.458124 0.445705 0.027184 0.060419
7 0.419280 0.479531 0.026083 0.038554
5 0.401593 0.441270 0.037583 0.061470
7 0.527752 0.431200 0.014010 0.032635
3 0.564155 0.456788 0.006449 0.022420
2 0.506441 0.428267 0.012235 0.020347
7 0.401593 0.441270 0.037583 0.061470
2 0.506670 0.428911 0.012166 0.018244
2 0.505849 0.399804 0.009842 0.021081
7 0.505849 0.399804 0.009842 0.021081
3 0.581384 0.484791 0.008082 0.028187
