7 0.163770 0.565780 0.188775 0.246534
3 0.078031 0.871678 0.042884 0.092238
2 0.549054 0.459248 0.019006 0.026488
0 0.699340 0.625549 0.018385 0.055560
0 0.078614 0.826877 0.036784 0.101935
7 0.384021 0.645702 0.109723 0.184274
5 0.402956 0.437113 0.036310 0.061056
5 0.359092 0.520584 0.074648 0.136375
2 0.450170 0.476007 0.020073 0.030387
3 0.699499 0.642722 0.019843 0.041940
7 0.513927 0.434451 0.016140 0.040627
2 0.543714 0.500238 0.028941 0.045287
3 0.588122 0.488471 0.009211 0.030819
7 0.446482 0.436748 0.016809 0.036591
2 0.450370 0.476406 0.020235 0.031081
