7 0.163490 0.567176 0.188423 0.246078
2 0.454778 0.467467 0.018796 0.029347
0 0.161466 0.727299 0.029207 0.076979
2 0.556037 0.468378 0.020958 0.029182
7 0.403302 0.573879 0.083909 0.180675
0 0.735941 0.669594 0.021594 0.060632
3 0.158434 0.762350 0.026500 0.072211
5 0.403265 0.436402 0.035848 0.056398
3 0.736495 0.693868 0.024028 0.049111
7 0.515217 0.441929 0.018148 0.044839
5 0.377156 0.499643 0.061831 0.113085
3 0.598381 0.502394 0.010013 0.032786
7 0.784433 0.525048 0.129998 0.110779
2 0.552077 0.519820 0.032998 0.050155
3 0.321565 0.492702 0.010896 0.031872
7 0.448918 0.434036 0.014932 0.035632
