7 0.164792 0.574194 0.190604 0.246962
7 0.529259 0.526037 0.035528 0.084161
2 0.644808 0.576358 0.044580 0.060025
5 0.403544 0.444508 0.035900 0.060828
2 0.719796 0.858694 0.134329 0.183264
3 0.789202 0.706912 0.027075 0.047484
3 0.349372 0.526349 0.010820 0.038254
7 0.532355 0.428363 0.021317 0.044512
2 0.471062 0.437711 0.016788 0.018598
7 0.452055 0.475415 0.034180 0.056342
5 0.435266 0.443103 0.032351 0.065721
7 0.508928 0.424492 0.017821 0.050928
2 0.719712 0.858741 0.134269 0.183696
0 0.786957 0.689089 0.020567 0.069005
