7 0.156697 0.562774 0.194031 0.245887
7 0.551776 0.494049 0.028180 0.059787
0 0.697431 0.626396 0.016930 0.053528
7 0.410298 0.460956 0.033549 0.077589
3 0.602756 0.511740 0.010455 0.036580
2 0.451937 0.417512 0.013477 0.025672
2 0.504399 0.494679 0.025677 0.040371
5 0.396919 0.436996 0.037718 0.061117
3 0.893250 0.891155 0.053713 0.116443
3 0.697853 0.645891 0.016718 0.035639
0 0.890731 0.845799 0.035385 0.056605
7 0.523341 0.416930 0.012646 0.029447
7 0.470980 0.401173 0.016163 0.033773
5 0.503584 0.417135 0.014533 0.033284
