7 0.158673 0.567421 0.191990 0.245882
7 0.394009 0.485933 0.044003 0.098798
2 0.504887 0.468890 0.019866 0.029260
2 0.447040 0.435517 0.015987 0.022067
3 0.694910 0.657880 0.020734 0.047292
0 0.694369 0.634252 0.019231 0.045694
3 0.624648 0.541930 0.011565 0.042058
2 0.503680 0.416158 0.012609 0.025587
7 0.540828 0.472410 0.022685 0.046247
7 0.468440 0.413925 0.017746 0.035841
3 0.574282 0.480133 0.007147 0.028217
2 0.510437 0.389485 0.006580 0.015649
5 0.398695 0.427633 0.036243 0.034264
2 0.521847 0.415490 0.009977 0.025972
