7 0.156157 0.554559 0.195918 0.245739
5 0.353240 0.649703 0.131697 0.299973
5 0.395015 0.428672 0.036479 0.060581
7 0.603395 0.611259 0.062006 0.119084
2 0.528321 0.668051 0.059985 0.097940
3 0.801675 0.737304 0.031878 0.075177
0 0.805362 0.719899 0.021747 0.072616
2 0.460563 0.401550 0.011417 0.011034
7 0.430732 0.427657 0.023671 0.053467
2 0.511082 0.386101 0.008498 0.018900
5 0.504081 0.433249 0.020566 0.047040
3 0.595519 0.509873 0.010582 0.038870
7 0.530442 0.424975 0.018976 0.046519
2 0.510557 0.386965 0.008755 0.018324
