7 0.165042 0.572854 0.190723 0.245803
2 0.578545 0.497339 0.026391 0.036337
7 0.518072 0.463828 0.021635 0.053918
0 0.891123 0.856525 0.035438 0.091692
2 0.462438 0.454832 0.016012 0.023944
3 0.265534 0.631881 0.018570 0.046606
0 0.266024 0.610075 0.017428 0.049224
3 0.891440 0.896148 0.047780 0.088014
5 0.403999 0.475508 0.046192 0.087858
2 0.578675 0.578445 0.046418 0.069587
0 0.635483 0.541660 0.012203 0.040019
7 0.425679 0.534013 0.049271 0.088687
3 0.635905 0.550056 0.012290 0.027581
3 0.298207 0.504483 0.012225 0.035255
7 0.453539 0.429858 0.013849 0.031212
