7 0.163993 0.571279 0.189575 0.246123
2 0.566070 0.482714 0.023964 0.031955
2 0.458764 0.459803 0.017151 0.027954
2 0.563827 0.546761 0.038949 0.058112
3 0.223072 0.681599 0.023426 0.057033
0 0.797464 0.746693 0.027280 0.071728
7 0.418338 0.559633 0.066915 0.108866
0 0.223453 0.655812 0.021269 0.060648
3 0.615220 0.529222 0.011086 0.022804
7 0.516958 0.452480 0.020486 0.049730
5 0.393221 0.486270 0.053240 0.100181
7 0.451069 0.432805 0.014523 0.030683
3 0.310779 0.501148 0.011578 0.028170
0 0.614805 0.519418 0.010184 0.033603
3 0.797054 0.780714 0.029676 0.056517
