7 0.164373 0.573940 0.190058 0.246873
7 0.531749 0.535501 0.037725 0.090807
2 0.655758 0.589600 0.048276 0.065468
5 0.403468 0.443891 0.036845 0.060749
3 0.819085 0.735592 0.030969 0.056091
5 0.437575 0.440569 0.033406 0.063712
2 0.471559 0.436339 0.014678 0.016863
0 0.816291 0.711166 0.022628 0.061582
7 0.533030 0.429467 0.022208 0.046475
7 0.758038 0.909580 0.164696 0.174814
7 0.453520 0.471001 0.033363 0.053923
3 0.355000 0.519563 0.010565 0.035061
7 0.509090 0.427022 0.018116 0.049360
2 0.758077 0.909447 0.164400 0.174708
