7 0.156148 0.554671 0.195782 0.245740
5 0.350947 0.656178 0.134374 0.306630
5 0.395106 0.428736 0.036447 0.060900
2 0.527463 0.663425 0.058790 0.096741
3 0.795544 0.731251 0.030586 0.072379
2 0.460346 0.401726 0.011459 0.011754
7 0.430496 0.428045 0.023580 0.053508
0 0.796667 0.712095 0.027670 0.070821
7 0.602014 0.608406 0.060921 0.118192
3 0.594494 0.508303 0.010591 0.038983
2 0.511068 0.386098 0.008488 0.018912
7 0.602362 0.608444 0.061155 0.118234
5 0.504036 0.432968 0.020574 0.046761
7 0.529765 0.425005 0.017659 0.046019
2 0.510559 0.386933 0.008767 0.018351
