7 0.163658 0.565470 0.189042 0.246410
2 0.449848 0.477678 0.019606 0.031799
3 0.063700 0.889394 0.045568 0.100827
2 0.548487 0.458162 0.018536 0.025996
3 0.695252 0.635793 0.019076 0.044373
0 0.695010 0.617891 0.017496 0.051573
0 0.065147 0.836965 0.040133 0.096421
5 0.403173 0.437055 0.035895 0.061252
7 0.381190 0.653521 0.113930 0.194912
2 0.542871 0.498351 0.028356 0.045034
7 0.513627 0.433559 0.016374 0.039998
5 0.357011 0.524630 0.075294 0.143350
7 0.446216 0.437768 0.016939 0.036452
3 0.587600 0.487809 0.009365 0.030100
