7 0.156130 0.561025 0.191758 0.244791
7 0.415788 0.450183 0.031310 0.072114
7 0.558513 0.511219 0.033637 0.069422
2 0.505921 0.516036 0.030463 0.046961
0 0.778243 0.713028 0.024538 0.069198
0 0.625749 0.537688 0.012217 0.042306
2 0.454001 0.412677 0.013022 0.019945
3 0.779837 0.739390 0.026977 0.054524
3 0.625448 0.545267 0.011664 0.028948
5 0.395743 0.434664 0.036220 0.059253
7 0.523719 0.420088 0.012575 0.029726
7 0.472305 0.397361 0.014460 0.029451
5 0.503838 0.420615 0.016024 0.035398
3 0.624716 0.544993 0.010930 0.028368
