7 0.154426 0.552112 0.191518 0.244388
2 0.548568 0.781601 0.083134 0.139739
7 0.632361 0.670478 0.081498 0.148738
5 0.378512 0.583216 0.095910 0.217724
5 0.394681 0.426449 0.037208 0.061331
3 0.615272 0.533028 0.011248 0.045740
0 0.925555 0.853813 0.033919 0.092425
0 0.942564 0.865733 0.026540 0.087714
3 0.932613 0.881990 0.051480 0.108138
2 0.511476 0.385279 0.009006 0.019670
7 0.433354 0.419303 0.022626 0.056315
2 0.461479 0.396374 0.011247 0.013408
7 0.531509 0.427074 0.018544 0.052301
5 0.504125 0.442139 0.022399 0.043343
