7 0.163664 0.566241 0.188739 0.246112
2 0.451623 0.472282 0.019634 0.031846
2 0.551267 0.460987 0.019708 0.028568
3 0.108692 0.829587 0.035246 0.084674
5 0.366239 0.513831 0.068894 0.128469
7 0.391547 0.625829 0.099301 0.169671
0 0.111895 0.784213 0.035003 0.086254
0 0.710145 0.637264 0.018992 0.053522
5 0.403623 0.437495 0.035013 0.060123
3 0.710579 0.656609 0.021061 0.045563
7 0.514528 0.436889 0.017461 0.042088
7 0.447463 0.434956 0.016270 0.036847
2 0.546507 0.507025 0.030017 0.046190
3 0.591291 0.500799 0.008617 0.015754
