7 0.158900 0.567663 0.191444 0.245801
7 0.392557 0.487865 0.045374 0.101078
2 0.504908 0.467329 0.019565 0.027637
2 0.447009 0.435537 0.016357 0.023470
0 0.686741 0.630054 0.018920 0.054082
0 0.621552 0.539934 0.010922 0.040573
3 0.687207 0.647730 0.020393 0.046442
7 0.540244 0.471486 0.022705 0.045367
3 0.621542 0.550364 0.010184 0.021728
2 0.503736 0.415648 0.012633 0.025552
7 0.468261 0.414427 0.017769 0.036609
0 0.572303 0.478215 0.006911 0.026893
3 0.572303 0.478215 0.006911 0.026893
5 0.398384 0.427734 0.037300 0.034147
2 0.468261 0.414427 0.017769 0.036609
