7 0.156247 0.560300 0.192285 0.244252
7 0.418070 0.448809 0.029573 0.067844
0 0.813999 0.752217 0.026899 0.075303
7 0.561297 0.517607 0.035097 0.071655
3 0.815488 0.780126 0.032880 0.065926
2 0.454503 0.411428 0.012842 0.019451
0 0.634363 0.546530 0.013767 0.043565
2 0.506792 0.524293 0.031986 0.050243
0 0.559771 0.463426 0.007611 0.026610
3 0.634221 0.549748 0.013345 0.039730
5 0.503872 0.421861 0.016102 0.036872
7 0.524189 0.420686 0.012671 0.029829
2 0.454319 0.409724 0.013545 0.023344
5 0.395942 0.433484 0.035002 0.061012
