7 0.159313 0.568120 0.190669 0.244803
7 0.385711 0.498027 0.047133 0.103777
2 0.445498 0.439315 0.016816 0.022838
2 0.505180 0.462217 0.018507 0.027789
3 0.665449 0.619909 0.017153 0.040246
5 0.399296 0.437868 0.038739 0.053642
2 0.503988 0.414958 0.012122 0.025049
0 0.665188 0.601651 0.015729 0.044373
7 0.467928 0.417328 0.018306 0.037176
0 0.567378 0.472126 0.007151 0.026602
7 0.538415 0.465520 0.021334 0.045382
2 0.467928 0.417328 0.018306 0.037176
3 0.567378 0.472126 0.007151 0.026602
2 0.510934 0.389277 0.006918 0.015863
3 0.611986 0.527080 0.010373 0.037501
