7 0.167267 0.568950 0.188599 0.243685
7 0.438279 0.509762 0.053443 0.116780
2 0.365973 0.566058 0.048697 0.075185
3 0.816435 0.749665 0.033001 0.073005
2 0.509554 0.415351 0.010001 0.016280
5 0.405416 0.442164 0.038094 0.061980
3 0.166689 0.710998 0.027359 0.071175
7 0.523095 0.508839 0.038651 0.086119
0 0.817205 0.711763 0.016546 0.037418
3 0.565413 0.455144 0.005988 0.019652
2 0.527222 0.419343 0.011328 0.027253
5 0.523095 0.508839 0.038651 0.086119
3 0.565303 0.453891 0.006295 0.021729
0 0.817602 0.727516 0.019796 0.069189
