7 0.165573 0.572802 0.190935 0.245213
7 0.521956 0.489832 0.026887 0.064655
2 0.604822 0.530190 0.032934 0.044792
7 0.441742 0.499310 0.039835 0.071976
3 0.316978 0.571432 0.013580 0.033935
2 0.622294 0.665184 0.069081 0.101415
0 0.317344 0.556395 0.012671 0.041973
2 0.468206 0.446581 0.013621 0.018505
0 0.688790 0.586985 0.014013 0.032776
3 0.690702 0.609546 0.017042 0.029734
5 0.396071 0.452715 0.022586 0.042695
7 0.529181 0.421515 0.018442 0.040149
5 0.420195 0.459286 0.032543 0.069635
7 0.508958 0.416617 0.016829 0.050380
7 0.456885 0.426382 0.013154 0.030826
