7 0.165319 0.572824 0.190830 0.245299
7 0.527290 0.517677 0.033437 0.076924
2 0.634769 0.564673 0.042117 0.055235
5 0.403088 0.444761 0.034903 0.060504
2 0.690520 0.802168 0.113778 0.158785
7 0.531855 0.426599 0.021521 0.044077
3 0.762756 0.680173 0.024758 0.044021
0 0.760301 0.651549 0.018618 0.038254
3 0.343643 0.533678 0.011860 0.038653
7 0.450447 0.479704 0.035158 0.059387
7 0.508943 0.423547 0.017256 0.049382
5 0.431323 0.447373 0.028964 0.064539
2 0.471411 0.440005 0.016144 0.019126
2 0.690570 0.802241 0.113921 0.158894
7 0.458802 0.422512 0.012395 0.033386
