7 0.163910 0.573361 0.190557 0.246471
2 0.682393 0.621984 0.057518 0.074618
5 0.403592 0.443669 0.036858 0.060688
7 0.537497 0.558388 0.044733 0.108304
0 0.892862 0.782463 0.029251 0.071162
3 0.896690 0.809207 0.041269 0.075192
5 0.440300 0.437060 0.029230 0.059193
7 0.534787 0.433247 0.023060 0.048592
7 0.456321 0.464100 0.030399 0.051853
7 0.508996 0.427223 0.019330 0.057168
5 0.440287 0.436574 0.029750 0.059617
2 0.474272 0.432517 0.011652 0.016095
3 0.364771 0.508927 0.010310 0.033553
2 0.486033 0.394758 0.009261 0.015242
