7 0.157745 0.562750 0.193674 0.245293
7 0.409191 0.462701 0.034220 0.077297
3 0.691738 0.634219 0.017105 0.044572
3 0.875978 0.870185 0.050221 0.113474
7 0.550807 0.492615 0.027949 0.058241
2 0.451342 0.419944 0.013731 0.021373
0 0.873848 0.839377 0.033975 0.079640
0 0.691767 0.619032 0.017110 0.053380
2 0.504331 0.493331 0.025416 0.039097
3 0.601022 0.510293 0.009953 0.034893
7 0.523039 0.415709 0.012182 0.031099
5 0.396784 0.437654 0.038376 0.062978
5 0.503604 0.416829 0.014641 0.033381
7 0.470713 0.401548 0.016473 0.034030
