7 0.154094 0.549110 0.192571 0.242983
7 0.697019 0.802954 0.129063 0.221328
5 0.397551 0.529373 0.072996 0.162001
5 0.394346 0.423806 0.037451 0.061181
0 0.652312 0.576251 0.014522 0.051143
2 0.462735 0.392445 0.010069 0.010114
2 0.511740 0.385260 0.009528 0.020740
3 0.652561 0.590256 0.013182 0.028512
7 0.534153 0.439821 0.019109 0.041359
2 0.595801 0.981054 0.113304 0.034189
7 0.436045 0.413187 0.021123 0.050185
2 0.476508 0.382208 0.009982 0.013191
2 0.501441 0.417970 0.014531 0.012418
5 0.504450 0.448856 0.025119 0.051137
