7 0.165553 0.572926 0.191240 0.245493
7 0.525562 0.508046 0.030641 0.073633
2 0.624136 0.552074 0.038777 0.053117
7 0.447437 0.485059 0.036760 0.063428
7 0.664216 0.749179 0.096017 0.136560
0 0.734777 0.632704 0.017298 0.043995
7 0.530821 0.425232 0.020713 0.041939
5 0.427536 0.451390 0.030571 0.065707
5 0.402575 0.445013 0.034003 0.060471
7 0.508922 0.423699 0.016899 0.044887
3 0.336335 0.545292 0.012141 0.032932
3 0.737088 0.657040 0.021431 0.037951
2 0.664235 0.749138 0.095904 0.136033
7 0.458517 0.421125 0.012372 0.028950
