7 0.159570 0.567832 0.191226 0.243877
7 0.383638 0.499692 0.049262 0.105970
2 0.445195 0.439955 0.017530 0.024080
2 0.505348 0.460912 0.018238 0.026502
5 0.399548 0.438346 0.038270 0.054931
3 0.659575 0.612103 0.016669 0.039115
2 0.504207 0.413820 0.012027 0.025850
7 0.467790 0.417255 0.019029 0.038736
0 0.659689 0.591639 0.015005 0.040173
3 0.609060 0.524067 0.010410 0.035906
0 0.566036 0.469807 0.006997 0.025665
0 0.659553 0.598923 0.015827 0.053862
3 0.566036 0.469807 0.006997 0.025665
2 0.511110 0.389736 0.006895 0.015934
