7 0.165324 0.574268 0.189759 0.246919
7 0.520845 0.484033 0.025646 0.061791
7 0.440266 0.505965 0.045413 0.073051
0 0.675844 0.581094 0.013885 0.046307
3 0.308784 0.582622 0.014740 0.033846
3 0.676979 0.594696 0.015900 0.029390
2 0.610668 0.643117 0.063053 0.092298
2 0.598507 0.522172 0.031371 0.044255
2 0.466986 0.446933 0.013557 0.021789
5 0.418121 0.461087 0.036490 0.074420
0 0.309113 0.567226 0.013957 0.041426
5 0.402753 0.444652 0.035371 0.059142
3 0.279271 0.511744 0.012735 0.038559
7 0.528583 0.420584 0.018561 0.038304
