7 0.158926 0.567617 0.191355 0.245623
7 0.393795 0.486515 0.044565 0.101266
2 0.504799 0.467465 0.019920 0.029233
2 0.446954 0.435474 0.016271 0.023284
3 0.689639 0.651226 0.020737 0.047935
0 0.622425 0.540526 0.011634 0.039092
0 0.689254 0.630819 0.018674 0.050257
7 0.540380 0.471744 0.022556 0.045927
7 0.468268 0.414334 0.017774 0.036265
2 0.503711 0.415878 0.012637 0.025412
3 0.622278 0.550686 0.011216 0.023485
0 0.572964 0.479150 0.007582 0.027236
3 0.572964 0.479150 0.007582 0.027236
5 0.398279 0.427812 0.037342 0.034360
