7 0.165239 0.573892 0.189833 0.246571
2 0.594911 0.517528 0.029805 0.042029
7 0.520370 0.480471 0.024888 0.059760
7 0.438483 0.509640 0.047189 0.074961
2 0.604249 0.630115 0.059345 0.087976
3 0.302431 0.588891 0.015518 0.038619
2 0.466218 0.450476 0.014186 0.019689
0 0.667634 0.566482 0.012663 0.028046
0 0.302358 0.579991 0.014910 0.052610
3 0.668660 0.587309 0.015320 0.026336
5 0.416417 0.463142 0.037703 0.075778
5 0.402872 0.444471 0.035974 0.059745
3 0.282686 0.510202 0.012622 0.038368
7 0.528220 0.419915 0.017656 0.037983
