7 0.154985 0.558638 0.192769 0.245389
7 0.568865 0.532708 0.038870 0.083873
2 0.509763 0.547749 0.035708 0.057857
0 0.937161 0.884282 0.037084 0.093772
7 0.422676 0.441870 0.027824 0.064523
3 0.939235 0.911663 0.055710 0.124137
0 0.660331 0.570346 0.014510 0.044982
5 0.395803 0.432574 0.034470 0.062139
3 0.659756 0.585814 0.015297 0.032875
2 0.456295 0.410384 0.012461 0.014367
7 0.526242 0.421448 0.015205 0.033389
5 0.212853 0.831522 0.308322 0.325415
5 0.504150 0.423875 0.017757 0.038190
7 0.422668 0.442306 0.027823 0.063642
