7 0.164012 0.571164 0.190057 0.246154
2 0.458559 0.460152 0.017489 0.027730
2 0.565369 0.482307 0.024229 0.031358
2 0.563241 0.545080 0.038223 0.057770
3 0.219907 0.684822 0.023284 0.057274
0 0.220304 0.659430 0.021997 0.061852
7 0.417267 0.560325 0.067543 0.110359
5 0.392382 0.486807 0.052624 0.100128
0 0.792764 0.737896 0.027059 0.068105
3 0.613810 0.528273 0.010929 0.022483
3 0.793687 0.770990 0.030125 0.063259
7 0.450979 0.433027 0.014699 0.031450
3 0.311584 0.500928 0.011674 0.029271
0 0.613711 0.519972 0.010236 0.035860
7 0.516911 0.450568 0.020307 0.049222
