7 0.163557 0.566283 0.188782 0.245851
2 0.451910 0.472173 0.019527 0.031397
2 0.551688 0.462683 0.019908 0.026610
5 0.367277 0.513003 0.068290 0.127030
0 0.117158 0.779441 0.034858 0.087118
5 0.403608 0.437513 0.034947 0.059956
0 0.712229 0.640531 0.018934 0.055353
3 0.712218 0.660276 0.022580 0.046732
7 0.514673 0.437028 0.017640 0.042569
3 0.115619 0.821387 0.036477 0.084753
7 0.392832 0.625910 0.096123 0.157864
2 0.547182 0.508546 0.030721 0.047074
3 0.592074 0.501258 0.008554 0.017747
7 0.447537 0.434848 0.016013 0.036583
