7 0.163760 0.569049 0.190046 0.245573
7 0.410200 0.578881 0.076358 0.125277
2 0.456226 0.465296 0.018584 0.026060
2 0.559572 0.474174 0.021889 0.031037
0 0.189978 0.691673 0.026758 0.070429
0 0.757986 0.697599 0.023053 0.064584
3 0.187402 0.725113 0.023632 0.064571
7 0.515896 0.446129 0.019318 0.046013
5 0.383983 0.494770 0.056267 0.107485
3 0.758002 0.721983 0.026854 0.059221
5 0.403909 0.436710 0.034685 0.055133
2 0.556942 0.530428 0.033961 0.053699
7 0.449918 0.433273 0.014796 0.033440
3 0.604781 0.509610 0.009834 0.034660
3 0.318318 0.497607 0.011308 0.026958
