7 0.163478 0.566612 0.189110 0.245940
5 0.370500 0.509109 0.065618 0.123586
2 0.552581 0.463931 0.020082 0.028513
2 0.452863 0.471201 0.019703 0.030245
5 0.403454 0.437565 0.035425 0.059927
0 0.717132 0.645714 0.019161 0.055639
0 0.128858 0.769025 0.031956 0.090379
7 0.395234 0.615890 0.093213 0.157594
3 0.717715 0.665691 0.021262 0.049017
3 0.124563 0.808006 0.030884 0.079956
3 0.593517 0.503269 0.009160 0.018528
7 0.514791 0.437952 0.017736 0.042281
0 0.593205 0.495197 0.009723 0.032747
2 0.548014 0.510148 0.030689 0.048483
7 0.447754 0.434642 0.016069 0.036379
