7 0.163721 0.565790 0.188786 0.246360
7 0.385342 0.641462 0.107803 0.182753
5 0.361946 0.519110 0.071486 0.134019
2 0.450593 0.475874 0.019970 0.030581
0 0.701118 0.625949 0.018506 0.051566
0 0.085574 0.815652 0.038295 0.098435
5 0.403167 0.437186 0.035895 0.061270
3 0.084672 0.863601 0.041842 0.090465
2 0.549373 0.459895 0.019075 0.026249
3 0.701792 0.645958 0.019023 0.041796
7 0.514033 0.435049 0.016573 0.040711
2 0.544214 0.502055 0.029103 0.045004
7 0.446735 0.436331 0.016568 0.036872
3 0.588698 0.497213 0.008058 0.016601
