7 0.156366 0.555071 0.194960 0.245137
5 0.341643 0.680833 0.148056 0.338400
5 0.395319 0.429298 0.036219 0.060735
7 0.597355 0.597662 0.057075 0.112112
2 0.524042 0.644992 0.055759 0.089541
3 0.773614 0.707508 0.027949 0.067748
2 0.459984 0.401932 0.013115 0.012395
7 0.429885 0.429998 0.024121 0.053744
0 0.773549 0.689070 0.025064 0.066012
0 0.776933 0.688053 0.018830 0.062703
7 0.529036 0.429785 0.016105 0.034181
5 0.504106 0.431742 0.020239 0.045887
2 0.474747 0.390644 0.011912 0.016653
3 0.588297 0.502369 0.010184 0.033976
