7 0.163884 0.572410 0.189297 0.246240
2 0.572878 0.490497 0.025055 0.034019
3 0.248403 0.652831 0.020321 0.049903
2 0.460978 0.457362 0.016005 0.024193
7 0.517428 0.458201 0.020868 0.052458
0 0.844475 0.802996 0.031347 0.084378
3 0.844743 0.840318 0.039136 0.069191
7 0.421943 0.544724 0.055746 0.095794
0 0.625743 0.532722 0.011719 0.038085
7 0.452552 0.430812 0.013575 0.031292
5 0.398931 0.478553 0.047923 0.094053
0 0.248925 0.628707 0.019308 0.054854
3 0.303828 0.504046 0.012595 0.030129
2 0.571814 0.563808 0.042299 0.064434
3 0.625998 0.542613 0.012851 0.021914
