7 0.154584 0.552854 0.191867 0.245094
5 0.372099 0.599988 0.105024 0.239434
7 0.621393 0.647217 0.074462 0.139444
2 0.540330 0.737846 0.073811 0.121786
5 0.394857 0.426966 0.036983 0.061463
7 0.432597 0.420328 0.023922 0.058748
0 0.890726 0.808667 0.023243 0.079664
3 0.882616 0.826975 0.043740 0.095813
2 0.511365 0.385513 0.008860 0.019228
0 0.878182 0.803268 0.026556 0.088032
2 0.475220 0.387838 0.010846 0.015422
2 0.461297 0.397262 0.011595 0.013597
7 0.530431 0.426929 0.017956 0.049801
5 0.504281 0.439831 0.021563 0.042743
3 0.608676 0.525565 0.010295 0.043338
