7 0.163810 0.572703 0.189911 0.246274
7 0.517762 0.459666 0.021030 0.053533
2 0.461196 0.456903 0.015524 0.024696
0 0.856500 0.814954 0.032708 0.088736
0 0.253908 0.623748 0.018985 0.055890
2 0.574700 0.492330 0.025524 0.034738
7 0.425030 0.541626 0.057759 0.094733
3 0.252615 0.646296 0.017707 0.048953
0 0.628252 0.536485 0.012039 0.038227
5 0.400387 0.477406 0.047593 0.091920
3 0.857013 0.858014 0.041340 0.068406
3 0.628520 0.545812 0.011887 0.022251
3 0.302029 0.504846 0.012039 0.029826
7 0.452821 0.430661 0.013527 0.030641
2 0.573690 0.567423 0.042905 0.066466
