7 0.164549 0.574002 0.189992 0.246660
7 0.530277 0.529785 0.036698 0.087787
3 0.352169 0.523331 0.010820 0.036017
5 0.403656 0.444208 0.036333 0.060692
0 0.800432 0.697147 0.022397 0.060460
3 0.803450 0.720191 0.029181 0.051938
2 0.471753 0.437406 0.014437 0.015485
2 0.737003 0.892137 0.147336 0.200191
5 0.435962 0.441918 0.031982 0.064595
7 0.532937 0.428870 0.022157 0.045491
2 0.649955 0.582721 0.046776 0.062015
7 0.508995 0.427064 0.017812 0.046425
2 0.649945 0.582772 0.046898 0.062403
7 0.452434 0.473012 0.033541 0.055085
