7 0.164051 0.571586 0.189324 0.246043
2 0.569285 0.486967 0.024261 0.032045
2 0.459151 0.458981 0.016501 0.024888
5 0.395800 0.482179 0.049408 0.098323
0 0.235386 0.643938 0.020611 0.060407
3 0.234968 0.669577 0.021755 0.052069
0 0.816516 0.767591 0.029215 0.074003
7 0.517323 0.454634 0.020823 0.050937
3 0.817390 0.803090 0.034633 0.066560
7 0.421154 0.552649 0.063236 0.103184
7 0.451894 0.432288 0.014247 0.030616
2 0.567216 0.552904 0.040289 0.062704
3 0.307614 0.502109 0.012021 0.030692
3 0.619394 0.536178 0.011531 0.020707
0 0.619193 0.521571 0.010727 0.027659
