7 0.163984 0.572901 0.191565 0.246405
2 0.576786 0.495610 0.026519 0.035543
7 0.518106 0.462269 0.021296 0.054055
0 0.876421 0.842957 0.034740 0.089736
3 0.261319 0.637101 0.019606 0.046589
7 0.428019 0.536074 0.056268 0.092185
2 0.462167 0.456881 0.015587 0.023179
5 0.402884 0.476604 0.046661 0.088586
0 0.261491 0.613482 0.017361 0.049626
3 0.877004 0.880911 0.045016 0.078166
3 0.633067 0.549062 0.010986 0.025434
0 0.632718 0.540454 0.011954 0.039899
7 0.453172 0.430260 0.013911 0.030360
3 0.299536 0.504415 0.012121 0.033345
2 0.576706 0.574142 0.045182 0.068703
