7 0.157758 0.563425 0.194327 0.245843
7 0.408291 0.463251 0.034669 0.079621
0 0.683838 0.609447 0.016509 0.050312
7 0.550203 0.490769 0.028308 0.056767
2 0.504448 0.490950 0.024821 0.039081
2 0.451169 0.420532 0.013358 0.022059
0 0.850626 0.809020 0.031845 0.068563
3 0.852752 0.853463 0.045234 0.081291
5 0.396943 0.438260 0.038285 0.063861
3 0.598632 0.506623 0.010337 0.035630
3 0.684194 0.628409 0.016526 0.036293
7 0.523060 0.415697 0.012217 0.031079
5 0.503551 0.416728 0.014575 0.032879
7 0.470705 0.402708 0.016217 0.032840
