7 0.157793 0.562909 0.193767 0.245259
7 0.408965 0.462760 0.034245 0.078586
0 0.689155 0.615799 0.016553 0.049751
3 0.689415 0.632112 0.017441 0.041482
7 0.550512 0.492071 0.028031 0.057031
2 0.451270 0.419924 0.013697 0.021960
3 0.868307 0.873273 0.047897 0.083367
0 0.865254 0.832783 0.034267 0.083241
3 0.600334 0.508611 0.009748 0.036211
2 0.504298 0.492743 0.025408 0.039036
7 0.523062 0.415667 0.012240 0.031131
5 0.503594 0.416791 0.014663 0.033200
7 0.470685 0.401987 0.016475 0.033489
5 0.396791 0.438212 0.038380 0.064393
