7 0.155994 0.554228 0.196463 0.245774
5 0.360988 0.629423 0.120503 0.275832
7 0.609420 0.623651 0.065997 0.125306
2 0.532050 0.690044 0.064652 0.105207
5 0.394865 0.428067 0.036703 0.060911
2 0.461348 0.397980 0.012725 0.015751
7 0.431185 0.426498 0.023591 0.052292
0 0.831327 0.747752 0.024747 0.067361
7 0.531564 0.425820 0.021255 0.046980
5 0.504076 0.435129 0.020621 0.045936
3 0.828104 0.776670 0.033890 0.059003
0 0.826225 0.744341 0.029828 0.074604
2 0.510562 0.386948 0.008816 0.018305
3 0.599961 0.516244 0.009770 0.036809
