7 0.166598 0.567943 0.189796 0.244995
7 0.532317 0.567229 0.057032 0.120671
2 0.399279 0.512940 0.034340 0.051409
7 0.116782 0.817153 0.232560 0.351713
7 0.451552 0.468789 0.037554 0.081892
2 0.508809 0.420254 0.011266 0.018184
5 0.403958 0.441667 0.037340 0.061111
3 0.556800 0.443053 0.005514 0.020675
2 0.487760 0.397112 0.010586 0.016693
2 0.507434 0.398579 0.009819 0.018670
2 0.476118 0.402688 0.012695 0.026964
7 0.527242 0.425978 0.011893 0.028676
3 0.574034 0.472480 0.006466 0.016794
3 0.248782 0.609012 0.018916 0.060796
