7 0.165218 0.572871 0.190263 0.245469
7 0.523055 0.494498 0.027808 0.066970
2 0.610290 0.536419 0.034198 0.047066
7 0.442584 0.494323 0.036352 0.067137
0 0.701493 0.606334 0.015311 0.048057
3 0.703507 0.622612 0.018050 0.032168
5 0.423876 0.455402 0.034290 0.071693
7 0.529717 0.422497 0.019138 0.040912
3 0.323718 0.564341 0.012836 0.030076
7 0.509002 0.417128 0.016932 0.051680
5 0.402988 0.444868 0.035580 0.060525
5 0.397360 0.445861 0.024996 0.057381
7 0.457483 0.426033 0.012393 0.031108
2 0.633597 0.687860 0.075885 0.110893
