7 0.164872 0.573009 0.190683 0.245493
7 0.528227 0.523366 0.034773 0.081356
2 0.641270 0.572030 0.043943 0.059542
5 0.403106 0.444628 0.034927 0.060234
0 0.777008 0.665961 0.020244 0.038149
3 0.347482 0.527443 0.011029 0.041089
2 0.709072 0.838927 0.126440 0.173800
5 0.432359 0.444979 0.030267 0.063656
7 0.532071 0.427493 0.021462 0.045224
3 0.779991 0.699061 0.026003 0.042614
7 0.451218 0.476897 0.033955 0.057403
2 0.472140 0.438959 0.014579 0.018611
2 0.709160 0.838661 0.126373 0.173965
7 0.509106 0.425541 0.017391 0.048712
