7 0.163844 0.570373 0.190403 0.246180
2 0.457286 0.463259 0.018084 0.026923
2 0.562250 0.477984 0.023261 0.030245
0 0.204218 0.675747 0.024507 0.064302
0 0.772364 0.715351 0.024877 0.067349
2 0.559481 0.536625 0.036155 0.055021
7 0.413422 0.570578 0.071191 0.118290
7 0.516314 0.448034 0.019514 0.048000
3 0.202936 0.706681 0.024718 0.059592
5 0.404346 0.437290 0.034391 0.054923
5 0.387378 0.491175 0.055140 0.104336
3 0.772244 0.739879 0.029294 0.065806
7 0.450510 0.433511 0.015213 0.032848
3 0.314625 0.499998 0.011904 0.026772
3 0.608748 0.522494 0.010570 0.020455
