7 0.164443 0.574056 0.190078 0.246744
2 0.653736 0.587341 0.047726 0.063658
7 0.531255 0.533922 0.037628 0.089554
5 0.403515 0.443979 0.036689 0.060715
3 0.814382 0.731644 0.030144 0.051189
2 0.471625 0.436541 0.014641 0.016364
5 0.437162 0.440745 0.033136 0.064413
3 0.354003 0.526626 0.010338 0.024539
7 0.532990 0.429206 0.022162 0.046407
7 0.453305 0.471375 0.033281 0.054625
2 0.750262 0.903522 0.157241 0.184473
2 0.750390 0.903780 0.157377 0.184989
7 0.509024 0.427185 0.018008 0.047822
0 0.810740 0.696346 0.021449 0.040779
