7 0.163688 0.565082 0.188750 0.246398
2 0.448451 0.480968 0.020689 0.032723
2 0.540918 0.493827 0.027673 0.041893
5 0.403247 0.436404 0.036282 0.061988
0 0.685591 0.606360 0.016493 0.050379
2 0.546715 0.454807 0.018164 0.025037
0 0.022578 0.893280 0.041310 0.121499
7 0.371895 0.676461 0.126444 0.219540
3 0.024865 0.944644 0.049550 0.107009
5 0.350042 0.533044 0.081044 0.152963
3 0.685649 0.626562 0.018004 0.036133
7 0.513669 0.431678 0.016480 0.038309
7 0.445401 0.438518 0.017559 0.037485
3 0.583985 0.483351 0.008332 0.029420
