7 0.162034 0.568357 0.191606 0.244655
7 0.378076 0.508087 0.051554 0.113375
2 0.443558 0.442493 0.017352 0.025471
2 0.505072 0.456269 0.017255 0.024988
5 0.398887 0.440681 0.039163 0.058768
3 0.643150 0.588677 0.015057 0.035881
3 0.601202 0.514353 0.010175 0.032063
7 0.467509 0.418605 0.019034 0.041931
2 0.504436 0.412505 0.012126 0.024053
0 0.643415 0.565519 0.013288 0.028020
0 0.643267 0.577729 0.015165 0.052674
7 0.536000 0.457292 0.020192 0.045193
0 0.562199 0.463791 0.006761 0.023546
2 0.511145 0.388785 0.007282 0.015077
3 0.562199 0.463791 0.006761 0.023546
