7 0.163958 0.571001 0.190083 0.247046
2 0.458049 0.462239 0.017521 0.025284
2 0.564128 0.480961 0.023396 0.030420
0 0.214238 0.665275 0.022879 0.061113
2 0.561707 0.541164 0.037205 0.058142
0 0.784375 0.727961 0.025475 0.064583
7 0.415616 0.563394 0.069753 0.114914
5 0.390594 0.488306 0.053570 0.101737
3 0.213151 0.693183 0.024188 0.058832
3 0.784190 0.757936 0.031190 0.065879
7 0.450694 0.433293 0.015155 0.031938
7 0.516391 0.449542 0.020065 0.049875
3 0.213113 0.693410 0.023992 0.059158
3 0.611635 0.526100 0.011113 0.020796
3 0.312937 0.500528 0.011242 0.027585
