7 0.163672 0.565153 0.188934 0.246369
2 0.448825 0.479935 0.020619 0.033416
3 0.031650 0.934084 0.052416 0.108756
0 0.687507 0.609465 0.016971 0.049495
5 0.403032 0.436575 0.036516 0.062314
2 0.541356 0.494688 0.027902 0.043201
2 0.546954 0.455538 0.018371 0.025760
5 0.351227 0.530052 0.079178 0.148316
0 0.030613 0.884068 0.037477 0.112703
7 0.513605 0.432349 0.016510 0.038398
7 0.373891 0.672632 0.123266 0.211096
7 0.445629 0.438493 0.017790 0.037219
3 0.687293 0.628034 0.019219 0.037854
3 0.584649 0.483798 0.008553 0.029786
