7 0.158678 0.565898 0.194181 0.245580
7 0.399246 0.476661 0.039486 0.090763
0 0.642745 0.563673 0.012772 0.042968
2 0.504386 0.476401 0.021804 0.031979
3 0.740782 0.714207 0.025337 0.057245
7 0.544479 0.478539 0.024561 0.050162
2 0.449141 0.428858 0.015013 0.023164
0 0.738983 0.688302 0.022822 0.061527
0 0.582644 0.488669 0.008407 0.032423
3 0.642586 0.579546 0.012876 0.021532
3 0.582678 0.495676 0.007951 0.018794
5 0.503920 0.415701 0.013420 0.029549
3 0.642549 0.581592 0.012564 0.017853
0 0.738863 0.677070 0.021429 0.039429
