7 0.163502 0.566442 0.188864 0.245783
2 0.552237 0.463437 0.020105 0.026939
2 0.452235 0.471930 0.019359 0.031620
0 0.122625 0.774684 0.033543 0.090826
5 0.403452 0.437384 0.035339 0.059747
0 0.714670 0.643462 0.019331 0.056921
3 0.117337 0.814393 0.028166 0.081680
3 0.715230 0.664517 0.021165 0.045405
5 0.368931 0.511080 0.067649 0.124573
7 0.393767 0.621315 0.095973 0.157851
7 0.514745 0.437499 0.017580 0.042294
2 0.547588 0.509476 0.030548 0.047710
3 0.592584 0.502406 0.008691 0.016920
7 0.447617 0.434720 0.016011 0.036410
