7 0.156031 0.560302 0.192321 0.244204
7 0.417753 0.448519 0.029632 0.069495
0 0.807259 0.745316 0.026998 0.074262
3 0.632814 0.548585 0.013021 0.038706
7 0.560820 0.516224 0.034915 0.071932
3 0.808336 0.764692 0.032366 0.081776
2 0.506479 0.522966 0.031531 0.049839
2 0.454282 0.409779 0.013502 0.023692
2 0.454448 0.411327 0.012894 0.020074
3 0.632980 0.545041 0.013237 0.042000
5 0.503838 0.421703 0.016071 0.036628
7 0.524122 0.420674 0.012528 0.029943
2 0.472775 0.396688 0.014109 0.028702
5 0.395942 0.433484 0.035002 0.061012
