7 0.154354 0.552233 0.191570 0.244531
5 0.377539 0.587377 0.097710 0.223047
7 0.630328 0.664927 0.080020 0.147139
2 0.546530 0.771695 0.081170 0.133685
5 0.394664 0.426602 0.037273 0.061299
3 0.613609 0.531597 0.011642 0.044388
0 0.929925 0.851311 0.030243 0.082796
2 0.511463 0.385181 0.009031 0.019799
0 0.916398 0.844431 0.028587 0.094829
7 0.433185 0.419399 0.022848 0.057901
2 0.461438 0.396254 0.011316 0.013442
2 0.475335 0.386171 0.010700 0.016048
3 0.921962 0.879219 0.049032 0.087270
7 0.531376 0.434424 0.016970 0.036412
2 0.461821 0.397162 0.010218 0.010517
5 0.504125 0.442139 0.022399 0.043343
