7 0.154555 0.552417 0.191713 0.244655
7 0.628117 0.661034 0.078193 0.143853
5 0.376288 0.589266 0.100029 0.227245
2 0.545013 0.762486 0.079135 0.131565
5 0.394728 0.426751 0.037020 0.061324
0 0.907649 0.833550 0.025316 0.092579
3 0.911554 0.856754 0.048285 0.103810
7 0.432990 0.419985 0.022956 0.057840
2 0.511386 0.385293 0.008932 0.019686
3 0.911592 0.859806 0.047583 0.099721
0 0.916802 0.839968 0.033012 0.082344
2 0.461485 0.396817 0.011834 0.012949
2 0.475249 0.386542 0.010743 0.016394
7 0.531503 0.427032 0.019371 0.050782
7 0.475477 0.380059 0.012137 0.027844
5 0.504125 0.442139 0.022399 0.043343
3 0.613609 0.531597 0.011642 0.044388
