7 0.163637 0.565334 0.188790 0.246184
2 0.449608 0.478639 0.019936 0.031106
7 0.378990 0.657249 0.115876 0.198183
3 0.056519 0.902031 0.047525 0.097961
2 0.548101 0.457751 0.018242 0.025525
0 0.693117 0.616437 0.017465 0.051690
0 0.056376 0.853030 0.038287 0.112381
5 0.403333 0.436794 0.035774 0.061644
3 0.693335 0.634000 0.019526 0.042791
2 0.542475 0.497258 0.028273 0.044158
5 0.355869 0.525615 0.075627 0.143097
7 0.513651 0.433236 0.016358 0.039776
7 0.446049 0.437951 0.017263 0.037053
3 0.586155 0.486376 0.008581 0.030597
