7 0.163724 0.565222 0.188805 0.246794
2 0.448078 0.482988 0.021398 0.032506
0 0.682181 0.601690 0.016251 0.048619
5 0.403360 0.436318 0.036232 0.062021
2 0.540050 0.492419 0.027171 0.040679
2 0.546138 0.454203 0.017824 0.024700
7 0.368213 0.685318 0.131300 0.236982
5 0.346038 0.536779 0.084935 0.156555
3 0.683035 0.623386 0.016657 0.030479
7 0.513528 0.430434 0.015887 0.038899
3 0.016247 0.953514 0.032487 0.086151
0 0.013562 0.919197 0.027061 0.127629
3 0.582735 0.481426 0.008538 0.029580
7 0.445072 0.439250 0.017442 0.037320
