7 0.157769 0.563852 0.193915 0.246512
7 0.407460 0.464662 0.035938 0.083102
0 0.676453 0.602210 0.014992 0.049878
3 0.831467 0.826529 0.041057 0.080006
2 0.504194 0.487687 0.024739 0.040459
7 0.549172 0.488609 0.027418 0.056590
3 0.676603 0.620011 0.015054 0.032192
5 0.397335 0.438263 0.037834 0.063176
0 0.829581 0.792041 0.029348 0.077603
2 0.451052 0.417207 0.014020 0.030087
7 0.522997 0.415497 0.012134 0.030972
5 0.503596 0.416404 0.014548 0.032572
3 0.595774 0.504459 0.010142 0.034032
7 0.470365 0.403355 0.017185 0.033786
