7 0.157744 0.563581 0.193889 0.245937
7 0.408172 0.464197 0.034562 0.082041
7 0.549520 0.489095 0.027574 0.057347
0 0.678881 0.603925 0.015886 0.048344
3 0.679211 0.619743 0.015661 0.039503
2 0.504115 0.489089 0.025006 0.039234
3 0.837978 0.833960 0.042159 0.083269
0 0.836322 0.799471 0.030317 0.077866
5 0.397296 0.438376 0.038150 0.063933
2 0.451179 0.417645 0.013792 0.029076
7 0.523047 0.415584 0.012181 0.031076
5 0.503564 0.416761 0.014456 0.032244
3 0.596655 0.505036 0.009559 0.034464
7 0.470531 0.402995 0.016760 0.033448
