7 0.158136 0.564501 0.193646 0.246450
7 0.404087 0.469909 0.037086 0.083292
2 0.504358 0.483971 0.023603 0.034936
0 0.661740 0.585486 0.014482 0.047268
3 0.792417 0.776711 0.028317 0.067249
2 0.450567 0.425492 0.014454 0.020871
0 0.787683 0.749660 0.028291 0.078006
7 0.547142 0.484783 0.025588 0.052656
0 0.590272 0.497799 0.009365 0.032173
3 0.590270 0.501147 0.008852 0.026298
5 0.397810 0.439698 0.038584 0.062855
3 0.661487 0.596906 0.013942 0.034719
7 0.522888 0.415352 0.011789 0.030386
7 0.503722 0.416298 0.014560 0.030652
2 0.469769 0.405950 0.016531 0.032827
