7 0.154508 0.551849 0.191756 0.244159
2 0.552154 0.800841 0.088015 0.146853
7 0.637111 0.680451 0.084705 0.154541
5 0.381195 0.576824 0.093784 0.212578
5 0.394654 0.426107 0.037333 0.061362
3 0.955779 0.908948 0.055555 0.113974
0 0.618537 0.535360 0.012646 0.047044
0 0.965613 0.890076 0.031583 0.093189
0 0.949775 0.878872 0.033529 0.097313
7 0.433777 0.419294 0.022443 0.054304
3 0.618191 0.546434 0.012052 0.026558
2 0.461550 0.395979 0.011059 0.013882
2 0.461998 0.396333 0.010144 0.011911
7 0.531347 0.435605 0.016521 0.035918
2 0.475805 0.386848 0.010102 0.014474
5 0.504181 0.442699 0.022780 0.043608
