7 0.163597 0.567376 0.188377 0.246255
2 0.455203 0.467351 0.018709 0.029525
7 0.404203 0.571994 0.082240 0.178277
2 0.556676 0.469380 0.020991 0.029218
0 0.165877 0.721766 0.028964 0.075834
0 0.738301 0.672722 0.021702 0.059113
3 0.161950 0.756800 0.023597 0.070140
7 0.515281 0.442488 0.018144 0.044803
5 0.403367 0.436765 0.035613 0.056529
3 0.739075 0.696646 0.023917 0.051428
2 0.552900 0.521151 0.032747 0.050520
5 0.378585 0.499553 0.060173 0.114077
3 0.599347 0.503110 0.010159 0.032953
3 0.321247 0.492307 0.011181 0.034239
7 0.449122 0.434069 0.014880 0.035518
