7 0.165556 0.573542 0.190115 0.246771
2 0.586329 0.507162 0.027880 0.038421
7 0.519054 0.471482 0.022830 0.057415
3 0.284711 0.609752 0.016734 0.041921
2 0.464438 0.454791 0.014773 0.018278
7 0.430281 0.521050 0.043530 0.081781
2 0.464432 0.453434 0.014612 0.021170
0 0.284870 0.589853 0.015687 0.044902
2 0.589265 0.600449 0.051590 0.077166
3 0.970056 0.957711 0.057805 0.080875
5 0.411346 0.469740 0.041404 0.080056
0 0.648883 0.554103 0.012732 0.038096
7 0.454890 0.429030 0.013449 0.029487
3 0.649699 0.567751 0.013410 0.024783
3 0.290821 0.507702 0.012249 0.037144
