7 0.154852 0.558541 0.192988 0.245846
7 0.571166 0.537781 0.040105 0.088501
7 0.423575 0.441041 0.026965 0.062341
2 0.510567 0.554907 0.037689 0.059611
0 0.668783 0.581185 0.015686 0.048203
3 0.978945 0.942869 0.040027 0.109524
3 0.668863 0.594387 0.015348 0.037260
2 0.456577 0.409714 0.012169 0.013217
5 0.219064 0.815869 0.313478 0.353426
5 0.219145 0.815524 0.313873 0.355674
5 0.395793 0.432324 0.034312 0.062312
7 0.526508 0.420695 0.015537 0.036813
5 0.503960 0.424695 0.017411 0.038820
0 0.567415 0.476654 0.007823 0.025794
