7 0.163578 0.566216 0.189021 0.246155
2 0.451342 0.473216 0.019944 0.031373
2 0.550909 0.460597 0.019300 0.028285
0 0.707928 0.633866 0.019307 0.053730
5 0.403420 0.437452 0.035380 0.060532
5 0.365364 0.515608 0.068464 0.130660
3 0.104419 0.837020 0.038859 0.087379
7 0.390024 0.630242 0.101225 0.171344
3 0.707868 0.654697 0.020305 0.043677
3 0.590462 0.491404 0.009444 0.031764
0 0.104783 0.797816 0.033713 0.092390
7 0.514350 0.436762 0.017221 0.041455
7 0.545859 0.505935 0.030036 0.045490
7 0.447247 0.435141 0.016340 0.037288
