7 0.163593 0.566120 0.188966 0.246331
2 0.451213 0.475050 0.019642 0.030406
2 0.550409 0.460431 0.019039 0.026738
0 0.705389 0.633705 0.019435 0.056802
5 0.403213 0.437407 0.035746 0.061027
5 0.364012 0.517248 0.069894 0.131082
7 0.388906 0.634374 0.102267 0.174021
3 0.705472 0.652426 0.020305 0.043234
3 0.092905 0.845266 0.030173 0.090271
0 0.098638 0.803243 0.035651 0.092986
7 0.514227 0.436129 0.016964 0.041013
0 0.589595 0.490322 0.008818 0.032241
2 0.545270 0.504878 0.029463 0.045416
3 0.590038 0.497900 0.008496 0.018101
7 0.447073 0.435474 0.016245 0.037334
