7 0.159022 0.567803 0.191413 0.245849
7 0.390354 0.491189 0.045755 0.099152
2 0.504977 0.466364 0.019031 0.027690
2 0.446695 0.436392 0.017033 0.022302
3 0.682042 0.640083 0.019899 0.046660
0 0.619355 0.536489 0.011305 0.038921
2 0.503786 0.415495 0.012594 0.025497
3 0.571456 0.476610 0.007471 0.026878
7 0.468287 0.414664 0.017917 0.037799
0 0.682122 0.624408 0.018443 0.053488
7 0.539958 0.470054 0.022506 0.045673
3 0.619567 0.549687 0.009859 0.015842
5 0.399183 0.437094 0.040034 0.052708
2 0.510627 0.389435 0.006845 0.015435
