7 0.156111 0.554209 0.195971 0.245634
5 0.358787 0.635227 0.123026 0.282322
7 0.607917 0.620194 0.064325 0.125571
5 0.394876 0.428221 0.036666 0.060962
2 0.531260 0.684336 0.063028 0.104878
3 0.820181 0.758382 0.032494 0.078606
2 0.461232 0.397775 0.012866 0.016398
7 0.531158 0.425542 0.020547 0.046931
7 0.431172 0.426832 0.023561 0.052453
5 0.504108 0.434215 0.020604 0.047048
0 0.826654 0.741907 0.019309 0.067668
0 0.816796 0.738402 0.020765 0.076763
2 0.510560 0.386949 0.008790 0.018350
3 0.598716 0.514913 0.009695 0.035876
