7 0.165408 0.573454 0.190648 0.246582
7 0.518876 0.468652 0.022636 0.056389
0 0.941060 0.915774 0.041744 0.103612
2 0.463567 0.453914 0.014516 0.021968
0 0.279020 0.597699 0.016217 0.049893
3 0.278376 0.617144 0.016751 0.041226
7 0.429359 0.525379 0.046007 0.084739
5 0.408578 0.472156 0.043438 0.083281
2 0.583545 0.503319 0.026698 0.038161
2 0.585925 0.593115 0.049109 0.073741
0 0.644500 0.545694 0.012066 0.028039
3 0.645286 0.562721 0.013628 0.023556
3 0.941932 0.943276 0.056465 0.109744
7 0.454347 0.429178 0.013537 0.030320
3 0.293244 0.506847 0.012306 0.036658
