7 0.157885 0.563113 0.194142 0.245356
7 0.408452 0.462807 0.034714 0.079438
2 0.504447 0.491820 0.024992 0.038964
0 0.686456 0.612859 0.016740 0.051188
7 0.550381 0.491335 0.028216 0.056744
2 0.451180 0.419873 0.013488 0.022627
3 0.860090 0.858477 0.046419 0.092518
5 0.396819 0.438052 0.038238 0.063720
3 0.686711 0.630360 0.017031 0.037459
0 0.858103 0.820601 0.031720 0.073661
7 0.523054 0.415683 0.012230 0.031153
5 0.503566 0.416835 0.014598 0.032978
7 0.470706 0.402655 0.016312 0.032649
3 0.599591 0.507827 0.009676 0.035203
