7 0.164180 0.573428 0.190165 0.246444
7 0.536151 0.550731 0.042698 0.104019
5 0.403576 0.443851 0.037351 0.060453
2 0.674491 0.612710 0.054778 0.070786
5 0.439848 0.437694 0.030517 0.060651
3 0.874638 0.783244 0.037649 0.080545
7 0.534354 0.432472 0.022681 0.047630
2 0.803187 0.964881 0.154323 0.066535
0 0.871491 0.758293 0.026356 0.059963
7 0.455651 0.466028 0.030929 0.051903
2 0.472927 0.433002 0.013989 0.017107
7 0.509038 0.425708 0.018943 0.058401
5 0.439870 0.436968 0.030926 0.060972
3 0.362600 0.510291 0.010229 0.035673
