7 0.156643 0.555869 0.193495 0.245705
5 0.305787 0.768443 0.199988 0.447112
2 0.518118 0.603477 0.048727 0.077198
7 0.585417 0.572322 0.049814 0.100140
0 0.725532 0.639365 0.019784 0.058464
5 0.395490 0.430309 0.036715 0.061488
3 0.725367 0.654822 0.021711 0.051407
7 0.427625 0.433595 0.025171 0.056155
7 0.527730 0.428153 0.015506 0.032000
2 0.458787 0.405044 0.012168 0.011509
2 0.474216 0.390643 0.012517 0.024277
5 0.503965 0.428869 0.019413 0.043852
3 0.580521 0.492045 0.008927 0.031516
2 0.510615 0.387060 0.008491 0.018252
2 0.511085 0.386022 0.007971 0.018547
