7 0.165593 0.572854 0.190926 0.245364
7 0.522131 0.490841 0.027101 0.065094
2 0.606005 0.531594 0.033636 0.045481
3 0.318418 0.570426 0.013628 0.032397
7 0.443339 0.498050 0.042112 0.070975
3 0.693410 0.612401 0.016909 0.029542
2 0.624616 0.670295 0.071116 0.103338
0 0.691755 0.596266 0.013775 0.045846
5 0.421663 0.458102 0.034299 0.070763
2 0.468535 0.446386 0.013377 0.017990
0 0.318725 0.555482 0.012469 0.037947
5 0.403264 0.444406 0.036011 0.061044
7 0.529368 0.421767 0.018855 0.040278
7 0.508931 0.416612 0.016840 0.050861
7 0.456938 0.426316 0.013007 0.030614
