7 0.159582 0.567789 0.191002 0.243801
7 0.384244 0.499408 0.048620 0.105245
2 0.505233 0.461182 0.018159 0.026930
2 0.445368 0.439876 0.017277 0.023947
5 0.399434 0.438226 0.038523 0.054606
3 0.661525 0.614880 0.016652 0.039453
2 0.504103 0.414400 0.012002 0.025481
3 0.609909 0.524839 0.010104 0.036841
7 0.467840 0.417259 0.018607 0.038084
0 0.661304 0.594139 0.015348 0.040645
0 0.661090 0.598280 0.016221 0.048469
3 0.566524 0.471143 0.007350 0.025965
0 0.566524 0.471143 0.007350 0.025965
7 0.538049 0.464965 0.021020 0.044261
