7 0.163979 0.571822 0.189162 0.246159
2 0.569863 0.487322 0.024244 0.032439
5 0.396680 0.481316 0.048512 0.096248
2 0.459255 0.458794 0.016918 0.024216
7 0.517311 0.455626 0.020872 0.050878
7 0.421289 0.551491 0.062349 0.101103
0 0.238017 0.642167 0.020610 0.060001
0 0.821948 0.772499 0.029000 0.074229
3 0.822280 0.809874 0.035861 0.068119
7 0.452099 0.432132 0.014066 0.030720
3 0.237896 0.666670 0.021801 0.049220
3 0.306934 0.502322 0.011737 0.031071
3 0.620851 0.537466 0.011433 0.020450
2 0.568121 0.554808 0.040761 0.063107
0 0.620517 0.528104 0.011672 0.037685
5 0.404061 0.423135 0.033364 0.024850
