7 0.158049 0.564401 0.193669 0.246550
7 0.404726 0.470041 0.037133 0.081372
2 0.450608 0.424727 0.014383 0.021717
0 0.663695 0.586512 0.014649 0.046837
7 0.547638 0.485457 0.025768 0.052637
2 0.504286 0.484697 0.023692 0.034606
3 0.795474 0.775699 0.034929 0.084277
0 0.591230 0.498341 0.009606 0.034131
3 0.663429 0.598460 0.014195 0.039340
3 0.591368 0.501997 0.009041 0.027088
0 0.793315 0.753007 0.028185 0.075367
5 0.397876 0.439650 0.038886 0.063091
7 0.503760 0.416303 0.014590 0.031127
7 0.522977 0.415350 0.011926 0.030318
7 0.469806 0.405273 0.016632 0.033337
