7 0.165585 0.573449 0.190805 0.246657
7 0.518955 0.469425 0.022644 0.056956
2 0.584437 0.504784 0.027212 0.037703
0 0.950776 0.924923 0.042907 0.101528
3 0.280500 0.615920 0.016211 0.038874
2 0.587137 0.595326 0.050011 0.075929
2 0.463750 0.453448 0.014653 0.021498
0 0.281017 0.594582 0.016016 0.046848
7 0.431950 0.523852 0.049628 0.085067
5 0.410050 0.470810 0.042680 0.081890
2 0.463808 0.454911 0.014909 0.018538
3 0.646610 0.564645 0.014339 0.025409
0 0.646116 0.553205 0.013861 0.041017
3 0.952109 0.957120 0.057577 0.082057
7 0.454502 0.429121 0.013539 0.029761
0 0.645882 0.545340 0.012094 0.026530
3 0.292553 0.507287 0.012497 0.036069
