7 0.164021 0.572426 0.189279 0.245992
2 0.461105 0.457055 0.015614 0.024390
2 0.573706 0.491395 0.026094 0.034784
7 0.517599 0.458977 0.020741 0.052895
0 0.251677 0.626005 0.019114 0.054489
0 0.850263 0.810752 0.032147 0.086483
3 0.250856 0.649311 0.019535 0.048438
7 0.424081 0.543002 0.059024 0.095711
5 0.400035 0.477589 0.047727 0.091777
0 0.627155 0.535024 0.011765 0.037872
7 0.452667 0.430642 0.013434 0.030986
3 0.850628 0.849886 0.040334 0.067086
2 0.572554 0.565610 0.042199 0.065264
3 0.302879 0.504076 0.012540 0.030104
3 0.627539 0.543865 0.011307 0.022722
