7 0.163820 0.570663 0.190430 0.246889
2 0.457051 0.463522 0.018063 0.026625
0 0.768414 0.711028 0.024605 0.066795
0 0.200475 0.680318 0.024567 0.067178
7 0.412516 0.572333 0.073962 0.121502
7 0.516137 0.447046 0.019386 0.048396
3 0.198941 0.711612 0.023972 0.060900
3 0.768797 0.737390 0.028383 0.059779
2 0.561660 0.476900 0.022291 0.030303
5 0.386338 0.492243 0.054537 0.105469
2 0.558749 0.535508 0.035557 0.054387
3 0.315529 0.500004 0.011226 0.026629
7 0.450491 0.433553 0.015122 0.032815
0 0.607503 0.513220 0.010621 0.034383
5 0.404505 0.437707 0.034194 0.054287
3 0.607566 0.521601 0.010791 0.019915
7 0.412746 0.572728 0.074033 0.120890
