7 0.155564 0.559750 0.194885 0.244797
7 0.419071 0.447512 0.029514 0.064231
7 0.563276 0.522419 0.035961 0.072424
0 0.842425 0.783071 0.030022 0.078473
3 0.844007 0.815820 0.037053 0.069508
2 0.507345 0.530591 0.032450 0.052807
7 0.525543 0.417967 0.015333 0.036533
2 0.455402 0.411762 0.012671 0.016320
0 0.640789 0.552356 0.013501 0.043683
3 0.640285 0.566197 0.013368 0.023750
0 0.560838 0.466513 0.006594 0.025826
5 0.504028 0.421920 0.016997 0.037561
5 0.395768 0.433299 0.034699 0.061299
0 0.561425 0.467132 0.006595 0.024938
