7 0.159052 0.567638 0.191633 0.245813
7 0.391770 0.489887 0.044567 0.099091
2 0.504931 0.466866 0.019272 0.027474
2 0.447066 0.435872 0.016471 0.023050
0 0.620116 0.537849 0.010843 0.037964
3 0.684552 0.642681 0.020049 0.049719
0 0.684394 0.626302 0.018194 0.052396
2 0.503721 0.415583 0.012672 0.025426
7 0.468236 0.414469 0.017802 0.037078
7 0.540091 0.470694 0.022779 0.045240
3 0.571716 0.477930 0.007046 0.026770
3 0.620481 0.552223 0.010436 0.015688
2 0.510593 0.389547 0.006886 0.015692
2 0.468236 0.414469 0.017802 0.037078
5 0.398384 0.427734 0.037300 0.034147
