7 0.165371 0.572686 0.190422 0.245097
7 0.522672 0.492628 0.027368 0.066076
2 0.608282 0.533994 0.033552 0.046100
7 0.442752 0.496266 0.039447 0.068328
3 0.321419 0.569398 0.013394 0.026665
3 0.698493 0.617045 0.018509 0.031804
2 0.628574 0.678268 0.073101 0.106625
5 0.422805 0.456605 0.033984 0.071402
0 0.696485 0.599513 0.014750 0.044099
0 0.321289 0.555519 0.012906 0.044448
7 0.529523 0.421982 0.019187 0.040742
5 0.403264 0.444406 0.036011 0.061044
7 0.508913 0.416757 0.016847 0.051498
2 0.468912 0.445656 0.013048 0.018233
7 0.457274 0.425696 0.012411 0.030381
