7 0.159670 0.567898 0.191330 0.244040
7 0.383135 0.499939 0.049459 0.106704
2 0.505230 0.460835 0.018016 0.025968
2 0.445006 0.440048 0.017404 0.024201
5 0.399606 0.438482 0.038092 0.055229
3 0.657720 0.609565 0.016805 0.038753
3 0.608355 0.523187 0.010564 0.035243
2 0.504229 0.413638 0.011989 0.025498
0 0.657911 0.591676 0.015586 0.044812
7 0.467783 0.417439 0.019102 0.039439
0 0.565722 0.469325 0.006766 0.025842
2 0.521827 0.413893 0.009376 0.023872
3 0.565722 0.469325 0.006766 0.025842
2 0.511125 0.389690 0.006843 0.016019
