7 0.165612 0.573515 0.190126 0.246437
2 0.587008 0.508406 0.028170 0.038286
7 0.519110 0.472086 0.023005 0.057586
2 0.590922 0.602836 0.052342 0.077742
3 0.286735 0.607599 0.016437 0.042782
3 0.651519 0.569289 0.013619 0.024120
2 0.464690 0.454574 0.014429 0.018594
7 0.430527 0.519897 0.042789 0.082142
0 0.286842 0.588660 0.015660 0.045905
0 0.650811 0.556239 0.012709 0.039388
5 0.411702 0.469562 0.040864 0.079367
3 0.289891 0.507858 0.011923 0.037798
7 0.527023 0.417526 0.017784 0.037322
3 0.979729 0.952214 0.038458 0.091869
5 0.403147 0.443335 0.037025 0.061718
7 0.455177 0.428887 0.013360 0.029542
