7 0.154908 0.553053 0.192207 0.244584
7 0.614310 0.634808 0.069238 0.129753
5 0.366104 0.615566 0.112762 0.257860
5 0.394842 0.427308 0.036912 0.061620
2 0.535240 0.708931 0.067564 0.112101
7 0.432185 0.421927 0.023969 0.059742
0 0.856676 0.771022 0.020798 0.069260
2 0.511267 0.385392 0.008720 0.018826
2 0.461413 0.398183 0.011543 0.013989
3 0.849926 0.801282 0.036935 0.062606
2 0.474877 0.388690 0.010912 0.016023
5 0.504369 0.438171 0.021598 0.041689
0 0.845069 0.764617 0.024004 0.073824
7 0.531883 0.426620 0.021393 0.048740
3 0.603696 0.520239 0.009995 0.039607
