7 0.165346 0.573007 0.190364 0.246243
7 0.518467 0.465813 0.022392 0.055768
2 0.462993 0.454420 0.015456 0.023558
2 0.580900 0.500520 0.026751 0.036819
0 0.914769 0.886352 0.038211 0.100993
7 0.427545 0.529695 0.048196 0.087180
5 0.406252 0.473787 0.045072 0.085590
3 0.915697 0.917586 0.051853 0.113022
0 0.272758 0.604531 0.016543 0.050203
3 0.640158 0.556129 0.012514 0.026955
3 0.272395 0.623655 0.017866 0.045022
2 0.582223 0.585868 0.047868 0.071934
7 0.453958 0.429557 0.013408 0.030801
0 0.639687 0.544283 0.011816 0.033970
3 0.295875 0.505799 0.012240 0.035601
