7 0.163431 0.567114 0.188715 0.246114
2 0.454262 0.467512 0.018109 0.029600
2 0.555339 0.467461 0.020589 0.029228
0 0.732702 0.665585 0.021160 0.059471
0 0.157226 0.732806 0.030543 0.078916
7 0.402548 0.576377 0.084559 0.183838
3 0.152840 0.769960 0.024380 0.068893
5 0.403003 0.436384 0.036208 0.056706
5 0.376159 0.502835 0.060985 0.119914
7 0.515085 0.441221 0.018162 0.044773
3 0.732907 0.688246 0.022525 0.048974
3 0.597806 0.501539 0.009639 0.032554
7 0.551322 0.518242 0.033155 0.050006
7 0.448677 0.434202 0.015122 0.036248
