7 0.165361 0.573222 0.190404 0.246444
7 0.518670 0.467688 0.022493 0.055268
2 0.463270 0.454243 0.014598 0.022740
2 0.582706 0.502622 0.026667 0.037212
0 0.931634 0.904545 0.041253 0.101558
3 0.276800 0.618047 0.017280 0.044571
0 0.276862 0.599522 0.016180 0.050438
7 0.429147 0.527119 0.047325 0.086077
5 0.407787 0.472690 0.044150 0.084010
3 0.643529 0.560022 0.012564 0.026067
3 0.933239 0.948711 0.054255 0.096891
2 0.584667 0.590504 0.048590 0.073845
0 0.642919 0.542894 0.011580 0.024658
7 0.454210 0.429197 0.013486 0.030501
3 0.293891 0.507053 0.012686 0.036458
