7 0.163439 0.566734 0.189293 0.246001
2 0.553052 0.464368 0.019561 0.027981
2 0.453015 0.469790 0.020004 0.032175
0 0.132899 0.759248 0.033530 0.082842
7 0.397114 0.591230 0.090786 0.199109
0 0.719529 0.649655 0.019950 0.056703
5 0.371581 0.507652 0.065338 0.122760
5 0.403515 0.437260 0.035239 0.059359
3 0.593962 0.499941 0.009631 0.026844
3 0.719606 0.670795 0.022489 0.046728
3 0.130373 0.799025 0.031338 0.081988
7 0.514798 0.438894 0.017773 0.042124
2 0.548609 0.511685 0.031038 0.048425
7 0.447877 0.434473 0.015997 0.036215
3 0.593974 0.496122 0.009560 0.032856
