7 0.159232 0.567910 0.191278 0.245987
7 0.390054 0.492024 0.045486 0.099308
2 0.446516 0.436809 0.017317 0.022236
2 0.505023 0.465668 0.018939 0.028230
0 0.618619 0.535886 0.011554 0.038071
3 0.680153 0.639203 0.019201 0.043787
0 0.679578 0.622656 0.018149 0.055605
7 0.468267 0.414881 0.018008 0.038239
5 0.399558 0.437206 0.039258 0.052554
3 0.571046 0.476120 0.007437 0.027469
2 0.503813 0.415307 0.012604 0.025601
7 0.539699 0.469614 0.022277 0.045728
3 0.618761 0.549882 0.011038 0.014640
2 0.510659 0.389258 0.006894 0.015324
