7 0.165513 0.574387 0.190320 0.247120
7 0.520880 0.484939 0.025649 0.062355
7 0.440897 0.504207 0.044551 0.073599
2 0.599495 0.523387 0.031642 0.044327
3 0.309792 0.581268 0.013688 0.032845
0 0.677428 0.582321 0.014575 0.045534
3 0.678998 0.597071 0.016135 0.029666
0 0.310355 0.565350 0.013921 0.042240
2 0.467236 0.447119 0.013332 0.021436
2 0.612510 0.647136 0.063830 0.092760
3 0.278420 0.512035 0.012440 0.038653
5 0.418638 0.461158 0.036236 0.073757
7 0.528592 0.420707 0.018662 0.038509
5 0.402135 0.445347 0.033686 0.057645
