7 0.158263 0.564623 0.193860 0.246344
7 0.403858 0.470229 0.037015 0.084964
2 0.504371 0.483254 0.023490 0.034147
0 0.659777 0.583863 0.014465 0.046141
0 0.781461 0.742813 0.028113 0.076132
3 0.786781 0.769877 0.028119 0.067313
7 0.546756 0.483541 0.025817 0.053717
2 0.450317 0.426136 0.014542 0.019909
3 0.589659 0.501276 0.008916 0.024429
0 0.589715 0.497323 0.009370 0.030954
3 0.659598 0.595644 0.013701 0.032983
5 0.397725 0.439255 0.038415 0.062458
2 0.469719 0.406500 0.016481 0.032560
7 0.503755 0.415949 0.014567 0.030996
7 0.522846 0.415392 0.011634 0.030242
