7 0.164315 0.573993 0.190026 0.247290
7 0.532404 0.538318 0.039377 0.093529
5 0.403495 0.444041 0.037400 0.060508
2 0.659250 0.594314 0.049596 0.066166
2 0.771753 0.919591 0.172519 0.152970
5 0.437568 0.440738 0.030917 0.062411
3 0.830476 0.744709 0.031644 0.060713
0 0.827916 0.712657 0.023409 0.045392
2 0.472212 0.434331 0.012905 0.017199
7 0.533227 0.429752 0.022663 0.046877
7 0.454011 0.469884 0.033185 0.053285
7 0.509079 0.427785 0.018291 0.049169
3 0.356487 0.523621 0.009359 0.024382
2 0.485440 0.395402 0.008987 0.016927
