7 0.163710 0.565994 0.188744 0.246495
7 0.387355 0.637086 0.104145 0.179828
2 0.451094 0.475747 0.019286 0.030407
0 0.703354 0.629503 0.018157 0.054200
0 0.092615 0.811420 0.036297 0.098369
5 0.403354 0.437204 0.035480 0.061021
5 0.362870 0.518291 0.070958 0.132211
3 0.090957 0.853839 0.038135 0.089078
7 0.514025 0.435636 0.016962 0.040731
2 0.544854 0.502906 0.029139 0.046105
3 0.589286 0.497414 0.008647 0.017504
3 0.704154 0.653983 0.019458 0.031805
5 0.362917 0.517965 0.071161 0.131403
7 0.446933 0.435935 0.016200 0.037206
3 0.703772 0.647535 0.019812 0.043000
