7 0.156596 0.555784 0.193528 0.245403
5 0.309585 0.762963 0.194139 0.441476
7 0.586282 0.575357 0.050483 0.099578
2 0.518386 0.607304 0.049038 0.076985
0 0.728849 0.642284 0.020789 0.057722
5 0.395460 0.430239 0.036642 0.061238
3 0.728964 0.659478 0.021979 0.053102
7 0.427965 0.433528 0.024743 0.055689
7 0.527758 0.428257 0.015371 0.031955
2 0.458890 0.404881 0.012301 0.011554
3 0.581197 0.493086 0.009356 0.033326
2 0.474242 0.390390 0.012589 0.023839
2 0.511094 0.385916 0.007985 0.018259
5 0.503960 0.429122 0.019481 0.044235
2 0.510653 0.386974 0.008481 0.018024
