7 0.163936 0.571356 0.190010 0.246538
2 0.458316 0.461144 0.017621 0.026397
0 0.217427 0.662753 0.023138 0.061266
2 0.564817 0.481547 0.023737 0.030475
0 0.788429 0.735544 0.026521 0.070680
2 0.562549 0.542822 0.037626 0.058463
5 0.391663 0.487529 0.053488 0.101738
3 0.216338 0.689648 0.023501 0.057318
7 0.416598 0.562242 0.068242 0.111399
3 0.788687 0.765417 0.031177 0.064186
3 0.613035 0.527370 0.010360 0.021381
7 0.450841 0.433097 0.014940 0.031588
7 0.516911 0.450568 0.020307 0.049222
3 0.312008 0.500574 0.011411 0.028677
