7 0.533424 0.541709 0.040217 0.097663
7 0.164279 0.573731 0.189814 0.246621
2 0.663576 0.598706 0.050679 0.067741
5 0.403685 0.444005 0.037597 0.060581
5 0.438583 0.439251 0.031744 0.062976
0 0.839331 0.722471 0.023712 0.043890
2 0.472725 0.433148 0.012121 0.016384
3 0.842209 0.759771 0.033551 0.056591
2 0.782758 0.931395 0.174568 0.131361
7 0.454693 0.468783 0.032024 0.053801
7 0.782973 0.931672 0.174616 0.131259
7 0.509168 0.426228 0.018495 0.053539
7 0.533726 0.430570 0.023260 0.046589
3 0.358223 0.523073 0.010475 0.022743
