7 0.164938 0.573050 0.190404 0.245482
2 0.639923 0.570310 0.043803 0.058963
7 0.528183 0.521327 0.034381 0.080357
5 0.403129 0.444682 0.034928 0.060231
2 0.704187 0.828759 0.122997 0.169566
3 0.346560 0.529712 0.011206 0.038725
7 0.532008 0.427179 0.021439 0.045414
5 0.432003 0.445750 0.029859 0.062967
0 0.772776 0.669185 0.019696 0.053851
7 0.450970 0.477562 0.034366 0.058256
3 0.775530 0.694233 0.025585 0.043898
2 0.471990 0.439045 0.014771 0.018857
7 0.704215 0.828857 0.122970 0.169577
7 0.509096 0.424401 0.017482 0.050458
