7 0.163951 0.570891 0.190238 0.247011
2 0.562874 0.478978 0.023564 0.030773
2 0.457325 0.462996 0.018378 0.026942
3 0.206866 0.702067 0.025397 0.059206
2 0.560117 0.538422 0.036712 0.055678
0 0.207614 0.672864 0.023351 0.065402
0 0.776352 0.719470 0.025224 0.068913
5 0.388579 0.491059 0.053255 0.103510
7 0.516221 0.448584 0.019684 0.048033
7 0.413874 0.568127 0.071804 0.117802
3 0.777277 0.751499 0.028095 0.053863
7 0.450546 0.433639 0.015244 0.032838
3 0.609479 0.523508 0.010948 0.021564
3 0.314122 0.499915 0.012218 0.027422
