7 0.163901 0.568879 0.190199 0.245760
7 0.409028 0.581452 0.077157 0.128473
2 0.558927 0.473091 0.022267 0.031523
2 0.455959 0.465947 0.018512 0.027388
0 0.186033 0.696449 0.026673 0.071107
3 0.183804 0.729243 0.024043 0.065545
7 0.515924 0.445509 0.019255 0.045795
0 0.754373 0.692415 0.023099 0.062146
2 0.556761 0.529096 0.032378 0.053069
5 0.403784 0.435870 0.035082 0.055431
3 0.754648 0.716522 0.026377 0.059520
5 0.382900 0.495555 0.057221 0.108952
7 0.449714 0.433589 0.014825 0.033766
3 0.318318 0.497607 0.011308 0.026958
3 0.603703 0.508226 0.009935 0.033999
