7 0.165322 0.572873 0.190716 0.245475
7 0.525900 0.509580 0.031145 0.073262
2 0.625518 0.554063 0.039024 0.053606
7 0.447902 0.484404 0.036424 0.062835
3 0.740553 0.660324 0.021079 0.038481
5 0.402609 0.445006 0.034127 0.060272
7 0.530827 0.425273 0.020598 0.041991
2 0.667176 0.756658 0.098083 0.138799
7 0.428550 0.450628 0.030518 0.064737
2 0.667275 0.756423 0.098129 0.139267
7 0.508989 0.423858 0.016956 0.045439
0 0.738200 0.631457 0.016784 0.035130
3 0.336984 0.544503 0.011971 0.033235
5 0.458657 0.423282 0.012796 0.033233
